100
69277700
69277701
69277702
69277703
69277704
69277705
69277706
69277707
69277708
69277709
69277710
69277711
69277712
69277713
69277714
69277715
69277716
69277717
69277718
69277719
69277720
69277721
69277722
69277723
69277724
69277725
69277726
69277727
69277728
69277729
69277730
69277731
69277732
69277733
69277734
69277735
69277736
69277737
69277738
69277739
69277740
69277741
69277742
69277743
69277744
69277745
69277746
69277747
69277748
69277749
69277750
69277751
69277752
69277753
69277754
69277755
69277756
69277757
69277758
69277759
69277760
69277761
69277762
69277763
69277764
69277765
69277766
69277767
69277768
69277769
69277770
69277771
69277772
69277773
69277774
69277775
69277776
69277777
69277778
69277779
69277780
69277781
69277782
69277783
69277784
69277785
69277786
69277787
69277788
69277789
69277790
69277791
69277792
69277793
69277794
69277795
69277796
69277797
69277798
69277799
