1000
23833500
23833501
23833502
23833503
23833504
23833505
23833506
23833507
23833508
23833509
23833510
23833511
23833512
23833513
23833514
23833515
23833516
23833517
23833518
23833519
23833520
23833521
23833522
23833523
23833524
23833525
23833526
23833527
23833528
23833529
23833530
23833531
23833532
23833533
23833534
23833535
23833536
23833537
23833538
23833539
23833540
23833541
23833542
23833543
23833544
23833545
23833546
23833547
23833548
23833549
23833550
23833551
23833552
23833553
23833554
23833555
23833556
23833557
23833558
23833559
23833560
23833561
23833562
23833563
23833564
23833565
23833566
23833567
23833568
23833569
23833570
23833571
23833572
23833573
23833574
23833575
23833576
23833577
23833578
23833579
23833580
23833581
23833582
23833583
23833584
23833585
23833586
23833587
23833588
23833589
23833590
23833591
23833592
23833593
23833594
23833595
23833596
23833597
23833598
23833599
23833600
23833601
23833602
23833603
23833604
23833605
23833606
23833607
23833608
23833609
23833610
23833611
23833612
23833613
23833614
23833615
23833616
23833617
23833618
23833619
23833620
23833621
23833622
23833623
23833624
23833625
23833626
23833627
23833628
23833629
23833630
23833631
23833632
23833633
23833634
23833635
23833636
23833637
23833638
23833639
23833640
23833641
23833642
23833643
23833644
23833645
23833646
23833647
23833648
23833649
23833650
23833651
23833652
23833653
23833654
23833655
23833656
23833657
23833658
23833659
23833660
23833661
23833662
23833663
23833664
23833665
23833666
23833667
23833668
23833669
23833670
23833671
23833672
23833673
23833674
23833675
23833676
23833677
23833678
23833679
23833680
23833681
23833682
23833683
23833684
23833685
23833686
23833687
23833688
23833689
23833690
23833691
23833692
23833693
23833694
23833695
23833696
23833697
23833698
23833699
23833700
23833701
23833702
23833703
23833704
23833705
23833706
23833707
23833708
23833709
23833710
23833711
23833712
23833713
23833714
23833715
23833716
23833717
23833718
23833719
23833720
23833721
23833722
23833723
23833724
23833725
23833726
23833727
23833728
23833729
23833730
23833731
23833732
23833733
23833734
23833735
23833736
23833737
23833738
23833739
23833740
23833741
23833742
23833743
23833744
23833745
23833746
23833747
23833748
23833749
23833750
23833751
23833752
23833753
23833754
23833755
23833756
23833757
23833758
23833759
23833760
23833761
23833762
23833763
23833764
23833765
23833766
23833767
23833768
23833769
23833770
23833771
23833772
23833773
23833774
23833775
23833776
23833777
23833778
23833779
23833780
23833781
23833782
23833783
23833784
23833785
23833786
23833787
23833788
23833789
23833790
23833791
23833792
23833793
23833794
23833795
23833796
23833797
23833798
23833799
23833800
23833801
23833802
23833803
23833804
23833805
23833806
23833807
23833808
23833809
23833810
23833811
23833812
23833813
23833814
23833815
23833816
23833817
23833818
23833819
23833820
23833821
23833822
23833823
23833824
23833825
23833826
23833827
23833828
23833829
23833830
23833831
23833832
23833833
23833834
23833835
23833836
23833837
23833838
23833839
23833840
23833841
23833842
23833843
23833844
23833845
23833846
23833847
23833848
23833849
23833850
23833851
23833852
23833853
23833854
23833855
23833856
23833857
23833858
23833859
23833860
23833861
23833862
23833863
23833864
23833865
23833866
23833867
23833868
23833869
23833870
23833871
23833872
23833873
23833874
23833875
23833876
23833877
23833878
23833879
23833880
23833881
23833882
23833883
23833884
23833885
23833886
23833887
23833888
23833889
23833890
23833891
23833892
23833893
23833894
23833895
23833896
23833897
23833898
23833899
23833900
23833901
23833902
23833903
23833904
23833905
23833906
23833907
23833908
23833909
23833910
23833911
23833912
23833913
23833914
23833915
23833916
23833917
23833918
23833919
23833920
23833921
23833922
23833923
23833924
23833925
23833926
23833927
23833928
23833929
23833930
23833931
23833932
23833933
23833934
23833935
23833936
23833937
23833938
23833939
23833940
23833941
23833942
23833943
23833944
23833945
23833946
23833947
23833948
23833949
23833950
23833951
23833952
23833953
23833954
23833955
23833956
23833957
23833958
23833959
23833960
23833961
23833962
23833963
23833964
23833965
23833966
23833967
23833968
23833969
23833970
23833971
23833972
23833973
23833974
23833975
23833976
23833977
23833978
23833979
23833980
23833981
23833982
23833983
23833984
23833985
23833986
23833987
23833988
23833989
23833990
23833991
23833992
23833993
23833994
23833995
23833996
23833997
23833998
23833999
23834000
23834001
23834002
23834003
23834004
23834005
23834006
23834007
23834008
23834009
23834010
23834011
23834012
23834013
23834014
23834015
23834016
23834017
23834018
23834019
23834020
23834021
23834022
23834023
23834024
23834025
23834026
23834027
23834028
23834029
23834030
23834031
23834032
23834033
23834034
23834035
23834036
23834037
23834038
23834039
23834040
23834041
23834042
23834043
23834044
23834045
23834046
23834047
23834048
23834049
23834050
23834051
23834052
23834053
23834054
23834055
23834056
23834057
23834058
23834059
23834060
23834061
23834062
23834063
23834064
23834065
23834066
23834067
23834068
23834069
23834070
23834071
23834072
23834073
23834074
23834075
23834076
23834077
23834078
23834079
23834080
23834081
23834082
23834083
23834084
23834085
23834086
23834087
23834088
23834089
23834090
23834091
23834092
23834093
23834094
23834095
23834096
23834097
23834098
23834099
23834100
23834101
23834102
23834103
23834104
23834105
23834106
23834107
23834108
23834109
23834110
23834111
23834112
23834113
23834114
23834115
23834116
23834117
23834118
23834119
23834120
23834121
23834122
23834123
23834124
23834125
23834126
23834127
23834128
23834129
23834130
23834131
23834132
23834133
23834134
23834135
23834136
23834137
23834138
23834139
23834140
23834141
23834142
23834143
23834144
23834145
23834146
23834147
23834148
23834149
23834150
23834151
23834152
23834153
23834154
23834155
23834156
23834157
23834158
23834159
23834160
23834161
23834162
23834163
23834164
23834165
23834166
23834167
23834168
23834169
23834170
23834171
23834172
23834173
23834174
23834175
23834176
23834177
23834178
23834179
23834180
23834181
23834182
23834183
23834184
23834185
23834186
23834187
23834188
23834189
23834190
23834191
23834192
23834193
23834194
23834195
23834196
23834197
23834198
23834199
23834200
23834201
23834202
23834203
23834204
23834205
23834206
23834207
23834208
23834209
23834210
23834211
23834212
23834213
23834214
23834215
23834216
23834217
23834218
23834219
23834220
23834221
23834222
23834223
23834224
23834225
23834226
23834227
23834228
23834229
23834230
23834231
23834232
23834233
23834234
23834235
23834236
23834237
23834238
23834239
23834240
23834241
23834242
23834243
23834244
23834245
23834246
23834247
23834248
23834249
23834250
23834251
23834252
23834253
23834254
23834255
23834256
23834257
23834258
23834259
23834260
23834261
23834262
23834263
23834264
23834265
23834266
23834267
23834268
23834269
23834270
23834271
23834272
23834273
23834274
23834275
23834276
23834277
23834278
23834279
23834280
23834281
23834282
23834283
23834284
23834285
23834286
23834287
23834288
23834289
23834290
23834291
23834292
23834293
23834294
23834295
23834296
23834297
23834298
23834299
23834300
23834301
23834302
23834303
23834304
23834305
23834306
23834307
23834308
23834309
23834310
23834311
23834312
23834313
23834314
23834315
23834316
23834317
23834318
23834319
23834320
23834321
23834322
23834323
23834324
23834325
23834326
23834327
23834328
23834329
23834330
23834331
23834332
23834333
23834334
23834335
23834336
23834337
23834338
23834339
23834340
23834341
23834342
23834343
23834344
23834345
23834346
23834347
23834348
23834349
23834350
23834351
23834352
23834353
23834354
23834355
23834356
23834357
23834358
23834359
23834360
23834361
23834362
23834363
23834364
23834365
23834366
23834367
23834368
23834369
23834370
23834371
23834372
23834373
23834374
23834375
23834376
23834377
23834378
23834379
23834380
23834381
23834382
23834383
23834384
23834385
23834386
23834387
23834388
23834389
23834390
23834391
23834392
23834393
23834394
23834395
23834396
23834397
23834398
23834399
23834400
23834401
23834402
23834403
23834404
23834405
23834406
23834407
23834408
23834409
23834410
23834411
23834412
23834413
23834414
23834415
23834416
23834417
23834418
23834419
23834420
23834421
23834422
23834423
23834424
23834425
23834426
23834427
23834428
23834429
23834430
23834431
23834432
23834433
23834434
23834435
23834436
23834437
23834438
23834439
23834440
23834441
23834442
23834443
23834444
23834445
23834446
23834447
23834448
23834449
23834450
23834451
23834452
23834453
23834454
23834455
23834456
23834457
23834458
23834459
23834460
23834461
23834462
23834463
23834464
23834465
23834466
23834467
23834468
23834469
23834470
23834471
23834472
23834473
23834474
23834475
23834476
23834477
23834478
23834479
23834480
23834481
23834482
23834483
23834484
23834485
23834486
23834487
23834488
23834489
23834490
23834491
23834492
23834493
23834494
23834495
23834496
23834497
23834498
23834499
