100
74779300
74779301
74779302
74779303
74779304
74779305
74779306
74779307
74779308
74779309
74779310
74779311
74779312
74779313
74779314
74779315
74779316
74779317
74779318
74779319
74779320
74779321
74779322
74779323
74779324
74779325
74779326
74779327
74779328
74779329
74779330
74779331
74779332
74779333
74779334
74779335
74779336
74779337
74779338
74779339
74779340
74779341
74779342
74779343
74779344
74779345
74779346
74779347
74779348
74779349
74779350
74779351
74779352
74779353
74779354
74779355
74779356
74779357
74779358
74779359
74779360
74779361
74779362
74779363
74779364
74779365
74779366
74779367
74779368
74779369
74779370
74779371
74779372
74779373
74779374
74779375
74779376
74779377
74779378
74779379
74779380
74779381
74779382
74779383
74779384
74779385
74779386
74779387
74779388
74779389
74779390
74779391
74779392
74779393
74779394
74779395
74779396
74779397
74779398
74779399
