1000
69277700
69277699
69277698
69277697
69277696
69277695
69277694
69277693
69277692
69277691
69277690
69277689
69277688
69277687
69277686
69277685
69277684
69277683
69277682
69277681
69277680
69277679
69277678
69277677
69277676
69277675
69277674
69277673
69277672
69277671
69277670
69277669
69277668
69277667
69277666
69277665
69277664
69277663
69277662
69277661
69277660
69277659
69277658
69277657
69277656
69277655
69277654
69277653
69277652
69277651
69277650
69277649
69277648
69277647
69277646
69277645
69277644
69277643
69277642
69277641
69277640
69277639
69277638
69277637
69277636
69277635
69277634
69277633
69277632
69277631
69277630
69277629
69277628
69277627
69277626
69277625
69277624
69277623
69277622
69277621
69277620
69277619
69277618
69277617
69277616
69277615
69277614
69277613
69277612
69277611
69277610
69277609
69277608
69277607
69277606
69277605
69277604
69277603
69277602
69277601
69277600
69277599
69277598
69277597
69277596
69277595
69277594
69277593
69277592
69277591
69277590
69277589
69277588
69277587
69277586
69277585
69277584
69277583
69277582
69277581
69277580
69277579
69277578
69277577
69277576
69277575
69277574
69277573
69277572
69277571
69277570
69277569
69277568
69277567
69277566
69277565
69277564
69277563
69277562
69277561
69277560
69277559
69277558
69277557
69277556
69277555
69277554
69277553
69277552
69277551
69277550
69277549
69277548
69277547
69277546
69277545
69277544
69277543
69277542
69277541
69277540
69277539
69277538
69277537
69277536
69277535
69277534
69277533
69277532
69277531
69277530
69277529
69277528
69277527
69277526
69277525
69277524
69277523
69277522
69277521
69277520
69277519
69277518
69277517
69277516
69277515
69277514
69277513
69277512
69277511
69277510
69277509
69277508
69277507
69277506
69277505
69277504
69277503
69277502
69277501
69277500
69277499
69277498
69277497
69277496
69277495
69277494
69277493
69277492
69277491
69277490
69277489
69277488
69277487
69277486
69277485
69277484
69277483
69277482
69277481
69277480
69277479
69277478
69277477
69277476
69277475
69277474
69277473
69277472
69277471
69277470
69277469
69277468
69277467
69277466
69277465
69277464
69277463
69277462
69277461
69277460
69277459
69277458
69277457
69277456
69277455
69277454
69277453
69277452
69277451
69277450
69277449
69277448
69277447
69277446
69277445
69277444
69277443
69277442
69277441
69277440
69277439
69277438
69277437
69277436
69277435
69277434
69277433
69277432
69277431
69277430
69277429
69277428
69277427
69277426
69277425
69277424
69277423
69277422
69277421
69277420
69277419
69277418
69277417
69277416
69277415
69277414
69277413
69277412
69277411
69277410
69277409
69277408
69277407
69277406
69277405
69277404
69277403
69277402
69277401
69277400
69277399
69277398
69277397
69277396
69277395
69277394
69277393
69277392
69277391
69277390
69277389
69277388
69277387
69277386
69277385
69277384
69277383
69277382
69277381
69277380
69277379
69277378
69277377
69277376
69277375
69277374
69277373
69277372
69277371
69277370
69277369
69277368
69277367
69277366
69277365
69277364
69277363
69277362
69277361
69277360
69277359
69277358
69277357
69277356
69277355
69277354
69277353
69277352
69277351
69277350
69277349
69277348
69277347
69277346
69277345
69277344
69277343
69277342
69277341
69277340
69277339
69277338
69277337
69277336
69277335
69277334
69277333
69277332
69277331
69277330
69277329
69277328
69277327
69277326
69277325
69277324
69277323
69277322
69277321
69277320
69277319
69277318
69277317
69277316
69277315
69277314
69277313
69277312
69277311
69277310
69277309
69277308
69277307
69277306
69277305
69277304
69277303
69277302
69277301
69277300
69277299
69277298
69277297
69277296
69277295
69277294
69277293
69277292
69277291
69277290
69277289
69277288
69277287
69277286
69277285
69277284
69277283
69277282
69277281
69277280
69277279
69277278
69277277
69277276
69277275
69277274
69277273
69277272
69277271
69277270
69277269
69277268
69277267
69277266
69277265
69277264
69277263
69277262
69277261
69277260
69277259
69277258
69277257
69277256
69277255
69277254
69277253
69277252
69277251
69277250
69277249
69277248
69277247
69277246
69277245
69277244
69277243
69277242
69277241
69277240
69277239
69277238
69277237
69277236
69277235
69277234
69277233
69277232
69277231
69277230
69277229
69277228
69277227
69277226
69277225
69277224
69277223
69277222
69277221
69277220
69277219
69277218
69277217
69277216
69277215
69277214
69277213
69277212
69277211
69277210
69277209
69277208
69277207
69277206
69277205
69277204
69277203
69277202
69277201
69277200
69277199
69277198
69277197
69277196
69277195
69277194
69277193
69277192
69277191
69277190
69277189
69277188
69277187
69277186
69277185
69277184
69277183
69277182
69277181
69277180
69277179
69277178
69277177
69277176
69277175
69277174
69277173
69277172
69277171
69277170
69277169
69277168
69277167
69277166
69277165
69277164
69277163
69277162
69277161
69277160
69277159
69277158
69277157
69277156
69277155
69277154
69277153
69277152
69277151
69277150
69277149
69277148
69277147
69277146
69277145
69277144
69277143
69277142
69277141
69277140
69277139
69277138
69277137
69277136
69277135
69277134
69277133
69277132
69277131
69277130
69277129
69277128
69277127
69277126
69277125
69277124
69277123
69277122
69277121
69277120
69277119
69277118
69277117
69277116
69277115
69277114
69277113
69277112
69277111
69277110
69277109
69277108
69277107
69277106
69277105
69277104
69277103
69277102
69277101
69277100
69277099
69277098
69277097
69277096
69277095
69277094
69277093
69277092
69277091
69277090
69277089
69277088
69277087
69277086
69277085
69277084
69277083
69277082
69277081
69277080
69277079
69277078
69277077
69277076
69277075
69277074
69277073
69277072
69277071
69277070
69277069
69277068
69277067
69277066
69277065
69277064
69277063
69277062
69277061
69277060
69277059
69277058
69277057
69277056
69277055
69277054
69277053
69277052
69277051
69277050
69277049
69277048
69277047
69277046
69277045
69277044
69277043
69277042
69277041
69277040
69277039
69277038
69277037
69277036
69277035
69277034
69277033
69277032
69277031
69277030
69277029
69277028
69277027
69277026
69277025
69277024
69277023
69277022
69277021
69277020
69277019
69277018
69277017
69277016
69277015
69277014
69277013
69277012
69277011
69277010
69277009
69277008
69277007
69277006
69277005
69277004
69277003
69277002
69277001
69277000
69276999
69276998
69276997
69276996
69276995
69276994
69276993
69276992
69276991
69276990
69276989
69276988
69276987
69276986
69276985
69276984
69276983
69276982
69276981
69276980
69276979
69276978
69276977
69276976
69276975
69276974
69276973
69276972
69276971
69276970
69276969
69276968
69276967
69276966
69276965
69276964
69276963
69276962
69276961
69276960
69276959
69276958
69276957
69276956
69276955
69276954
69276953
69276952
69276951
69276950
69276949
69276948
69276947
69276946
69276945
69276944
69276943
69276942
69276941
69276940
69276939
69276938
69276937
69276936
69276935
69276934
69276933
69276932
69276931
69276930
69276929
69276928
69276927
69276926
69276925
69276924
69276923
69276922
69276921
69276920
69276919
69276918
69276917
69276916
69276915
69276914
69276913
69276912
69276911
69276910
69276909
69276908
69276907
69276906
69276905
69276904
69276903
69276902
69276901
69276900
69276899
69276898
69276897
69276896
69276895
69276894
69276893
69276892
69276891
69276890
69276889
69276888
69276887
69276886
69276885
69276884
69276883
69276882
69276881
69276880
69276879
69276878
69276877
69276876
69276875
69276874
69276873
69276872
69276871
69276870
69276869
69276868
69276867
69276866
69276865
69276864
69276863
69276862
69276861
69276860
69276859
69276858
69276857
69276856
69276855
69276854
69276853
69276852
69276851
69276850
69276849
69276848
69276847
69276846
69276845
69276844
69276843
69276842
69276841
69276840
69276839
69276838
69276837
69276836
69276835
69276834
69276833
69276832
69276831
69276830
69276829
69276828
69276827
69276826
69276825
69276824
69276823
69276822
69276821
69276820
69276819
69276818
69276817
69276816
69276815
69276814
69276813
69276812
69276811
69276810
69276809
69276808
69276807
69276806
69276805
69276804
69276803
69276802
69276801
69276800
69276799
69276798
69276797
69276796
69276795
69276794
69276793
69276792
69276791
69276790
69276789
69276788
69276787
69276786
69276785
69276784
69276783
69276782
69276781
69276780
69276779
69276778
69276777
69276776
69276775
69276774
69276773
69276772
69276771
69276770
69276769
69276768
69276767
69276766
69276765
69276764
69276763
69276762
69276761
69276760
69276759
69276758
69276757
69276756
69276755
69276754
69276753
69276752
69276751
69276750
69276749
69276748
69276747
69276746
69276745
69276744
69276743
69276742
69276741
69276740
69276739
69276738
69276737
69276736
69276735
69276734
69276733
69276732
69276731
69276730
69276729
69276728
69276727
69276726
69276725
69276724
69276723
69276722
69276721
69276720
69276719
69276718
69276717
69276716
69276715
69276714
69276713
69276712
69276711
69276710
69276709
69276708
69276707
69276706
69276705
69276704
69276703
69276702
69276701
