10000
63691500
63691499
63691498
63691497
63691496
63691495
63691494
63691493
63691492
63691491
63691490
63691489
63691488
63691487
63691486
63691485
63691484
63691483
63691482
63691481
63691480
63691479
63691478
63691477
63691476
63691475
63691474
63691473
63691472
63691471
63691470
63691469
63691468
63691467
63691466
63691465
63691464
63691463
63691462
63691461
63691460
63691459
63691458
63691457
63691456
63691455
63691454
63691453
63691452
63691451
63691450
63691449
63691448
63691447
63691446
63691445
63691444
63691443
63691442
63691441
63691440
63691439
63691438
63691437
63691436
63691435
63691434
63691433
63691432
63691431
63691430
63691429
63691428
63691427
63691426
63691425
63691424
63691423
63691422
63691421
63691420
63691419
63691418
63691417
63691416
63691415
63691414
63691413
63691412
63691411
63691410
63691409
63691408
63691407
63691406
63691405
63691404
63691403
63691402
63691401
63691400
63691399
63691398
63691397
63691396
63691395
63691394
63691393
63691392
63691391
63691390
63691389
63691388
63691387
63691386
63691385
63691384
63691383
63691382
63691381
63691380
63691379
63691378
63691377
63691376
63691375
63691374
63691373
63691372
63691371
63691370
63691369
63691368
63691367
63691366
63691365
63691364
63691363
63691362
63691361
63691360
63691359
63691358
63691357
63691356
63691355
63691354
63691353
63691352
63691351
63691350
63691349
63691348
63691347
63691346
63691345
63691344
63691343
63691342
63691341
63691340
63691339
63691338
63691337
63691336
63691335
63691334
63691333
63691332
63691331
63691330
63691329
63691328
63691327
63691326
63691325
63691324
63691323
63691322
63691321
63691320
63691319
63691318
63691317
63691316
63691315
63691314
63691313
63691312
63691311
63691310
63691309
63691308
63691307
63691306
63691305
63691304
63691303
63691302
63691301
63691300
63691299
63691298
63691297
63691296
63691295
63691294
63691293
63691292
63691291
63691290
63691289
63691288
63691287
63691286
63691285
63691284
63691283
63691282
63691281
63691280
63691279
63691278
63691277
63691276
63691275
63691274
63691273
63691272
63691271
63691270
63691269
63691268
63691267
63691266
63691265
63691264
63691263
63691262
63691261
63691260
63691259
63691258
63691257
63691256
63691255
63691254
63691253
63691252
63691251
63691250
63691249
63691248
63691247
63691246
63691245
63691244
63691243
63691242
63691241
63691240
63691239
63691238
63691237
63691236
63691235
63691234
63691233
63691232
63691231
63691230
63691229
63691228
63691227
63691226
63691225
63691224
63691223
63691222
63691221
63691220
63691219
63691218
63691217
63691216
63691215
63691214
63691213
63691212
63691211
63691210
63691209
63691208
63691207
63691206
63691205
63691204
63691203
63691202
63691201
63691200
63691199
63691198
63691197
63691196
63691195
63691194
63691193
63691192
63691191
63691190
63691189
63691188
63691187
63691186
63691185
63691184
63691183
63691182
63691181
63691180
63691179
63691178
63691177
63691176
63691175
63691174
63691173
63691172
63691171
63691170
63691169
63691168
63691167
63691166
63691165
63691164
63691163
63691162
63691161
63691160
63691159
63691158
63691157
63691156
63691155
63691154
63691153
63691152
63691151
63691150
63691149
63691148
63691147
63691146
63691145
63691144
63691143
63691142
63691141
63691140
63691139
63691138
63691137
63691136
63691135
63691134
63691133
63691132
63691131
63691130
63691129
63691128
63691127
63691126
63691125
63691124
63691123
63691122
63691121
63691120
63691119
63691118
63691117
63691116
63691115
63691114
63691113
63691112
63691111
63691110
63691109
63691108
63691107
63691106
63691105
63691104
63691103
63691102
63691101
63691100
63691099
63691098
63691097
63691096
63691095
63691094
63691093
63691092
63691091
63691090
63691089
63691088
63691087
63691086
63691085
63691084
63691083
63691082
63691081
63691080
63691079
63691078
63691077
63691076
63691075
63691074
63691073
63691072
63691071
63691070
63691069
63691068
63691067
63691066
63691065
63691064
63691063
63691062
63691061
63691060
63691059
63691058
63691057
63691056
63691055
63691054
63691053
63691052
63691051
63691050
63691049
63691048
63691047
63691046
63691045
63691044
63691043
63691042
63691041
63691040
63691039
63691038
63691037
63691036
63691035
63691034
63691033
63691032
63691031
63691030
63691029
63691028
63691027
63691026
63691025
63691024
63691023
63691022
63691021
63691020
63691019
63691018
63691017
63691016
63691015
63691014
63691013
63691012
63691011
63691010
63691009
63691008
63691007
63691006
63691005
63691004
63691003
63691002
63691001
63691000
63690999
63690998
63690997
63690996
63690995
63690994
63690993
63690992
63690991
63690990
63690989
63690988
63690987
63690986
63690985
63690984
63690983
63690982
63690981
63690980
63690979
63690978
63690977
63690976
63690975
63690974
63690973
63690972
63690971
63690970
63690969
63690968
63690967
63690966
63690965
63690964
63690963
63690962
63690961
63690960
63690959
63690958
63690957
63690956
63690955
63690954
63690953
63690952
63690951
63690950
63690949
63690948
63690947
63690946
63690945
63690944
63690943
63690942
63690941
63690940
63690939
63690938
63690937
63690936
63690935
63690934
63690933
63690932
63690931
63690930
63690929
63690928
63690927
63690926
63690925
63690924
63690923
63690922
63690921
63690920
63690919
63690918
63690917
63690916
63690915
63690914
63690913
63690912
63690911
63690910
63690909
63690908
63690907
63690906
63690905
63690904
63690903
63690902
63690901
63690900
63690899
63690898
63690897
63690896
63690895
63690894
63690893
63690892
63690891
63690890
63690889
63690888
63690887
63690886
63690885
63690884
63690883
63690882
63690881
63690880
63690879
63690878
63690877
63690876
63690875
63690874
63690873
63690872
63690871
63690870
63690869
63690868
63690867
63690866
63690865
63690864
63690863
63690862
63690861
63690860
63690859
63690858
63690857
63690856
63690855
63690854
63690853
63690852
63690851
63690850
63690849
63690848
63690847
63690846
63690845
63690844
63690843
63690842
63690841
63690840
63690839
63690838
63690837
63690836
63690835
63690834
63690833
63690832
63690831
63690830
63690829
63690828
63690827
63690826
63690825
63690824
63690823
63690822
63690821
63690820
63690819
63690818
63690817
63690816
63690815
63690814
63690813
63690812
63690811
63690810
63690809
63690808
63690807
63690806
63690805
63690804
63690803
63690802
63690801
63690800
63690799
63690798
63690797
63690796
63690795
63690794
63690793
63690792
63690791
63690790
63690789
63690788
63690787
63690786
63690785
63690784
63690783
63690782
63690781
63690780
63690779
63690778
63690777
63690776
63690775
63690774
63690773
63690772
63690771
63690770
63690769
63690768
63690767
63690766
63690765
63690764
63690763
63690762
63690761
63690760
63690759
63690758
63690757
63690756
63690755
63690754
63690753
63690752
63690751
63690750
63690749
63690748
63690747
63690746
63690745
63690744
63690743
63690742
63690741
63690740
63690739
63690738
63690737
63690736
63690735
63690734
63690733
63690732
63690731
63690730
63690729
63690728
63690727
63690726
63690725
63690724
63690723
63690722
63690721
63690720
63690719
63690718
63690717
63690716
63690715
63690714
63690713
63690712
63690711
63690710
63690709
63690708
63690707
63690706
63690705
63690704
63690703
63690702
63690701
63690700
63690699
63690698
63690697
63690696
63690695
63690694
63690693
63690692
63690691
63690690
63690689
63690688
63690687
63690686
63690685
63690684
63690683
63690682
63690681
63690680
63690679
63690678
63690677
63690676
63690675
63690674
63690673
63690672
63690671
63690670
63690669
63690668
63690667
63690666
63690665
63690664
63690663
63690662
63690661
63690660
63690659
63690658
63690657
63690656
63690655
63690654
63690653
63690652
63690651
63690650
63690649
63690648
63690647
63690646
63690645
63690644
63690643
63690642
63690641
63690640
63690639
63690638
63690637
63690636
63690635
63690634
63690633
63690632
63690631
63690630
63690629
63690628
63690627
63690626
63690625
63690624
63690623
63690622
63690621
63690620
63690619
63690618
63690617
63690616
63690615
63690614
63690613
63690612
63690611
63690610
63690609
63690608
63690607
63690606
63690605
63690604
63690603
63690602
63690601
63690600
63690599
63690598
63690597
63690596
63690595
63690594
63690593
63690592
63690591
63690590
63690589
63690588
63690587
63690586
63690585
63690584
63690583
63690582
63690581
63690580
63690579
63690578
63690577
63690576
63690575
63690574
63690573
63690572
63690571
63690570
63690569
63690568
63690567
63690566
63690565
63690564
63690563
63690562
63690561
63690560
63690559
63690558
63690557
63690556
63690555
63690554
63690553
63690552
63690551
63690550
63690549
63690548
63690547
63690546
63690545
63690544
63690543
63690542
63690541
63690540
63690539
63690538
63690537
63690536
63690535
63690534
63690533
63690532
63690531
63690530
63690529
63690528
63690527
63690526
63690525
63690524
63690523
63690522
63690521
63690520
63690519
63690518
63690517
63690516
63690515
63690514
63690513
63690512
63690511
63690510
63690509
63690508
63690507
63690506
63690505
63690504
63690503
63690502
63690501
63690500
63690499
63690498
63690497
63690496
63690495
63690494
63690493
63690492
63690491
63690490
63690489
63690488
63690487
63690486
63690485
63690484
63690483
63690482
63690481
63690480
63690479
63690478
63690477
63690476
63690475
63690474
63690473
63690472
63690471
63690470
63690469
63690468
63690467
63690466
63690465
63690464
63690463
63690462
63690461
63690460
63690459
63690458
63690457
63690456
63690455
63690454
63690453
63690452
63690451
63690450
63690449
63690448
63690447
63690446
63690445
63690444
63690443
63690442
63690441
63690440
63690439
63690438
63690437
63690436
63690435
63690434
63690433
63690432
63690431
63690430
63690429
63690428
63690427
63690426
63690425
63690424
63690423
63690422
63690421
63690420
63690419
63690418
63690417
63690416
63690415
63690414
63690413
63690412
63690411
63690410
63690409
63690408
63690407
63690406
63690405
63690404
63690403
63690402
63690401
63690400
63690399
63690398
63690397
63690396
63690395
63690394
63690393
63690392
63690391
63690390
63690389
63690388
63690387
63690386
63690385
63690384
63690383
63690382
63690381
63690380
63690379
63690378
63690377
63690376
63690375
63690374
63690373
63690372
63690371
63690370
63690369
63690368
63690367
63690366
63690365
63690364
63690363
63690362
63690361
63690360
63690359
63690358
63690357
63690356
63690355
63690354
63690353
63690352
63690351
63690350
63690349
63690348
63690347
63690346
63690345
63690344
63690343
63690342
63690341
63690340
63690339
63690338
63690337
63690336
63690335
63690334
63690333
63690332
63690331
63690330
63690329
63690328
63690327
63690326
63690325
63690324
63690323
63690322
63690321
63690320
63690319
63690318
63690317
63690316
63690315
63690314
63690313
63690312
63690311
63690310
63690309
63690308
63690307
63690306
63690305
63690304
63690303
63690302
63690301
63690300
63690299
63690298
63690297
63690296
63690295
63690294
63690293
63690292
63690291
63690290
63690289
63690288
63690287
63690286
63690285
63690284
63690283
63690282
63690281
63690280
63690279
63690278
63690277
63690276
63690275
63690274
63690273
63690272
63690271
63690270
63690269
63690268
63690267
63690266
63690265
63690264
63690263
63690262
63690261
63690260
63690259
63690258
63690257
63690256
63690255
63690254
63690253
63690252
63690251
63690250
63690249
63690248
63690247
63690246
63690245
63690244
63690243
63690242
63690241
63690240
63690239
63690238
63690237
63690236
63690235
63690234
63690233
63690232
63690231
63690230
63690229
63690228
63690227
63690226
63690225
63690224
63690223
63690222
63690221
63690220
63690219
63690218
63690217
63690216
63690215
63690214
63690213
63690212
63690211
63690210
63690209
63690208
63690207
63690206
63690205
63690204
63690203
63690202
63690201
63690200
63690199
63690198
63690197
63690196
63690195
63690194
63690193
63690192
63690191
63690190
63690189
63690188
63690187
63690186
63690185
63690184
63690183
63690182
63690181
63690180
63690179
63690178
63690177
63690176
63690175
63690174
63690173
63690172
63690171
63690170
63690169
63690168
63690167
63690166
63690165
63690164
63690163
63690162
63690161
63690160
63690159
63690158
63690157
63690156
63690155
63690154
63690153
63690152
63690151
63690150
63690149
63690148
63690147
63690146
63690145
63690144
63690143
63690142
63690141
63690140
63690139
63690138
63690137
63690136
63690135
63690134
63690133
63690132
63690131
63690130
63690129
63690128
63690127
63690126
63690125
63690124
63690123
63690122
63690121
63690120
63690119
63690118
63690117
63690116
63690115
63690114
63690113
63690112
63690111
63690110
63690109
63690108
63690107
63690106
63690105
63690104
63690103
63690102
63690101
63690100
63690099
63690098
63690097
63690096
63690095
63690094
63690093
63690092
63690091
63690090
63690089
63690088
63690087
63690086
63690085
63690084
63690083
63690082
63690081
63690080
63690079
63690078
63690077
63690076
63690075
63690074
63690073
63690072
63690071
63690070
63690069
63690068
63690067
63690066
63690065
63690064
63690063
63690062
63690061
63690060
63690059
63690058
63690057
63690056
63690055
63690054
63690053
63690052
63690051
63690050
63690049
63690048
63690047
63690046
63690045
63690044
63690043
63690042
63690041
63690040
63690039
63690038
63690037
63690036
63690035
63690034
63690033
63690032
63690031
63690030
63690029
63690028
63690027
63690026
63690025
63690024
63690023
63690022
63690021
63690020
63690019
63690018
63690017
63690016
63690015
63690014
63690013
63690012
63690011
63690010
63690009
63690008
63690007
63690006
63690005
63690004
63690003
63690002
63690001
63690000
63689999
63689998
63689997
63689996
63689995
63689994
63689993
63689992
63689991
63689990
63689989
63689988
63689987
63689986
63689985
63689984
63689983
63689982
63689981
63689980
63689979
63689978
63689977
63689976
63689975
63689974
63689973
63689972
63689971
63689970
63689969
63689968
63689967
63689966
63689965
63689964
63689963
63689962
63689961
63689960
63689959
63689958
63689957
63689956
63689955
63689954
63689953
63689952
63689951
63689950
63689949
63689948
63689947
63689946
63689945
63689944
63689943
63689942
63689941
63689940
63689939
63689938
63689937
63689936
63689935
63689934
63689933
63689932
63689931
63689930
63689929
63689928
63689927
63689926
63689925
63689924
63689923
63689922
63689921
63689920
63689919
63689918
63689917
63689916
63689915
63689914
63689913
63689912
63689911
63689910
63689909
63689908
63689907
63689906
63689905
63689904
63689903
63689902
63689901
63689900
63689899
63689898
63689897
63689896
63689895
63689894
63689893
63689892
63689891
63689890
63689889
63689888
63689887
63689886
63689885
63689884
63689883
63689882
63689881
63689880
63689879
63689878
63689877
63689876
63689875
63689874
63689873
63689872
63689871
63689870
63689869
63689868
63689867
63689866
63689865
63689864
63689863
63689862
63689861
63689860
63689859
63689858
63689857
63689856
63689855
63689854
63689853
63689852
63689851
63689850
63689849
63689848
63689847
63689846
63689845
63689844
63689843
63689842
63689841
63689840
63689839
63689838
63689837
63689836
63689835
63689834
63689833
63689832
63689831
63689830
63689829
63689828
63689827
63689826
63689825
63689824
63689823
63689822
63689821
63689820
63689819
63689818
63689817
63689816
63689815
63689814
63689813
63689812
63689811
63689810
63689809
63689808
63689807
63689806
63689805
63689804
63689803
63689802
63689801
63689800
63689799
63689798
63689797
63689796
63689795
63689794
63689793
63689792
63689791
63689790
63689789
63689788
63689787
63689786
63689785
63689784
63689783
63689782
63689781
63689780
63689779
63689778
63689777
63689776
63689775
63689774
63689773
63689772
63689771
63689770
63689769
63689768
63689767
63689766
63689765
63689764
63689763
63689762
63689761
63689760
63689759
63689758
63689757
63689756
63689755
63689754
63689753
63689752
63689751
63689750
63689749
63689748
63689747
63689746
63689745
63689744
63689743
63689742
63689741
63689740
63689739
63689738
63689737
63689736
63689735
63689734
63689733
63689732
63689731
63689730
63689729
63689728
63689727
63689726
63689725
63689724
63689723
63689722
63689721
63689720
63689719
63689718
63689717
63689716
63689715
63689714
63689713
63689712
63689711
63689710
63689709
63689708
63689707
63689706
63689705
63689704
63689703
63689702
63689701
63689700
63689699
63689698
63689697
63689696
63689695
63689694
63689693
63689692
63689691
63689690
63689689
63689688
63689687
63689686
63689685
63689684
63689683
63689682
63689681
63689680
63689679
63689678
63689677
63689676
63689675
63689674
63689673
63689672
63689671
63689670
63689669
63689668
63689667
63689666
63689665
63689664
63689663
63689662
63689661
63689660
63689659
63689658
63689657
63689656
63689655
63689654
63689653
63689652
63689651
63689650
63689649
63689648
63689647
63689646
63689645
63689644
63689643
63689642
63689641
63689640
63689639
63689638
63689637
63689636
63689635
63689634
63689633
63689632
63689631
63689630
63689629
63689628
63689627
63689626
63689625
63689624
63689623
63689622
63689621
63689620
63689619
63689618
63689617
63689616
63689615
63689614
63689613
63689612
63689611
63689610
63689609
63689608
63689607
63689606
63689605
63689604
63689603
63689602
63689601
63689600
63689599
63689598
63689597
63689596
63689595
63689594
63689593
63689592
63689591
63689590
63689589
63689588
63689587
63689586
63689585
63689584
63689583
63689582
63689581
63689580
63689579
63689578
63689577
63689576
63689575
63689574
63689573
63689572
63689571
63689570
63689569
63689568
63689567
63689566
63689565
63689564
63689563
63689562
63689561
63689560
63689559
63689558
63689557
63689556
63689555
63689554
63689553
63689552
63689551
63689550
63689549
63689548
63689547
63689546
63689545
63689544
63689543
63689542
63689541
63689540
63689539
63689538
63689537
63689536
63689535
63689534
63689533
63689532
63689531
63689530
63689529
63689528
63689527
63689526
63689525
63689524
63689523
63689522
63689521
63689520
63689519
63689518
63689517
63689516
63689515
63689514
63689513
63689512
63689511
63689510
63689509
63689508
63689507
63689506
63689505
63689504
63689503
63689502
63689501
63689500
63689499
63689498
63689497
63689496
63689495
63689494
63689493
63689492
63689491
63689490
63689489
63689488
63689487
63689486
63689485
63689484
63689483
63689482
63689481
63689480
63689479
63689478
63689477
63689476
63689475
63689474
63689473
63689472
63689471
63689470
63689469
63689468
63689467
63689466
63689465
63689464
63689463
63689462
63689461
63689460
63689459
63689458
63689457
63689456
63689455
63689454
63689453
63689452
63689451
63689450
63689449
63689448
63689447
63689446
63689445
63689444
63689443
63689442
63689441
63689440
63689439
63689438
63689437
63689436
63689435
63689434
63689433
63689432
63689431
63689430
63689429
63689428
63689427
63689426
63689425
63689424
63689423
63689422
63689421
63689420
63689419
63689418
63689417
63689416
63689415
63689414
63689413
63689412
63689411
63689410
63689409
63689408
63689407
63689406
63689405
63689404
63689403
63689402
63689401
63689400
63689399
63689398
63689397
63689396
63689395
63689394
63689393
63689392
63689391
63689390
63689389
63689388
63689387
63689386
63689385
63689384
63689383
63689382
63689381
63689380
63689379
63689378
63689377
63689376
63689375
63689374
63689373
63689372
63689371
63689370
63689369
63689368
63689367
63689366
63689365
63689364
63689363
63689362
63689361
63689360
63689359
63689358
63689357
63689356
63689355
63689354
63689353
63689352
63689351
63689350
63689349
63689348
63689347
63689346
63689345
63689344
63689343
63689342
63689341
63689340
63689339
63689338
63689337
63689336
63689335
63689334
63689333
63689332
63689331
63689330
63689329
63689328
63689327
63689326
63689325
63689324
63689323
63689322
63689321
63689320
63689319
63689318
63689317
63689316
63689315
63689314
63689313
63689312
63689311
63689310
63689309
63689308
63689307
63689306
63689305
63689304
63689303
63689302
63689301
63689300
63689299
63689298
63689297
63689296
63689295
63689294
63689293
63689292
63689291
63689290
63689289
63689288
63689287
63689286
63689285
63689284
63689283
63689282
63689281
63689280
63689279
63689278
63689277
63689276
63689275
63689274
63689273
63689272
63689271
63689270
63689269
63689268
63689267
63689266
63689265
63689264
63689263
63689262
63689261
63689260
63689259
63689258
63689257
63689256
63689255
63689254
63689253
63689252
63689251
63689250
63689249
63689248
63689247
63689246
63689245
63689244
63689243
63689242
63689241
63689240
63689239
63689238
63689237
63689236
63689235
63689234
63689233
63689232
63689231
63689230
63689229
63689228
63689227
63689226
63689225
63689224
63689223
63689222
63689221
63689220
63689219
63689218
63689217
63689216
63689215
63689214
63689213
63689212
63689211
63689210
63689209
63689208
63689207
63689206
63689205
63689204
63689203
63689202
63689201
63689200
63689199
63689198
63689197
63689196
63689195
63689194
63689193
63689192
63689191
63689190
63689189
63689188
63689187
63689186
63689185
63689184
63689183
63689182
63689181
63689180
63689179
63689178
63689177
63689176
63689175
63689174
63689173
63689172
63689171
63689170
63689169
63689168
63689167
63689166
63689165
63689164
63689163
63689162
63689161
63689160
63689159
63689158
63689157
63689156
63689155
63689154
63689153
63689152
63689151
63689150
63689149
63689148
63689147
63689146
63689145
63689144
63689143
63689142
63689141
63689140
63689139
63689138
63689137
63689136
63689135
63689134
63689133
63689132
63689131
63689130
63689129
63689128
63689127
63689126
63689125
63689124
63689123
63689122
63689121
63689120
63689119
63689118
63689117
63689116
63689115
63689114
63689113
63689112
63689111
63689110
63689109
63689108
63689107
63689106
63689105
63689104
63689103
63689102
63689101
63689100
63689099
63689098
63689097
63689096
63689095
63689094
63689093
63689092
63689091
63689090
63689089
63689088
63689087
63689086
63689085
63689084
63689083
63689082
63689081
63689080
63689079
63689078
63689077
63689076
63689075
63689074
63689073
63689072
63689071
63689070
63689069
63689068
63689067
63689066
63689065
63689064
63689063
63689062
63689061
63689060
63689059
63689058
63689057
63689056
63689055
63689054
63689053
63689052
63689051
63689050
63689049
63689048
63689047
63689046
63689045
63689044
63689043
63689042
63689041
63689040
63689039
63689038
63689037
63689036
63689035
63689034
63689033
63689032
63689031
63689030
63689029
63689028
63689027
63689026
63689025
63689024
63689023
63689022
63689021
63689020
63689019
63689018
63689017
63689016
63689015
63689014
63689013
63689012
63689011
63689010
63689009
63689008
63689007
63689006
63689005
63689004
63689003
63689002
63689001
63689000
63688999
63688998
63688997
63688996
63688995
63688994
63688993
63688992
63688991
63688990
63688989
63688988
63688987
63688986
63688985
63688984
63688983
63688982
63688981
63688980
63688979
63688978
63688977
63688976
63688975
63688974
63688973
63688972
63688971
63688970
63688969
63688968
63688967
63688966
63688965
63688964
63688963
63688962
63688961
63688960
63688959
63688958
63688957
63688956
63688955
63688954
63688953
63688952
63688951
63688950
63688949
63688948
63688947
63688946
63688945
63688944
63688943
63688942
63688941
63688940
63688939
63688938
63688937
63688936
63688935
63688934
63688933
63688932
63688931
63688930
63688929
63688928
63688927
63688926
63688925
63688924
63688923
63688922
63688921
63688920
63688919
63688918
63688917
63688916
63688915
63688914
63688913
63688912
63688911
63688910
63688909
63688908
63688907
63688906
63688905
63688904
63688903
63688902
63688901
63688900
63688899
63688898
63688897
63688896
63688895
63688894
63688893
63688892
63688891
63688890
63688889
63688888
63688887
63688886
63688885
63688884
63688883
63688882
63688881
63688880
63688879
63688878
63688877
63688876
63688875
63688874
63688873
63688872
63688871
63688870
63688869
63688868
63688867
63688866
63688865
63688864
63688863
63688862
63688861
63688860
63688859
63688858
63688857
63688856
63688855
63688854
63688853
63688852
63688851
63688850
63688849
63688848
63688847
63688846
63688845
63688844
63688843
63688842
63688841
63688840
63688839
63688838
63688837
63688836
63688835
63688834
63688833
63688832
63688831
63688830
63688829
63688828
63688827
63688826
63688825
63688824
63688823
63688822
63688821
63688820
63688819
63688818
63688817
63688816
63688815
63688814
63688813
63688812
63688811
63688810
63688809
63688808
63688807
63688806
63688805
63688804
63688803
63688802
63688801
63688800
63688799
63688798
63688797
63688796
63688795
63688794
63688793
63688792
63688791
63688790
63688789
63688788
63688787
63688786
63688785
63688784
63688783
63688782
63688781
63688780
63688779
63688778
63688777
63688776
63688775
63688774
63688773
63688772
63688771
63688770
63688769
63688768
63688767
63688766
63688765
63688764
63688763
63688762
63688761
63688760
63688759
63688758
63688757
63688756
63688755
63688754
63688753
63688752
63688751
63688750
63688749
63688748
63688747
63688746
63688745
63688744
63688743
63688742
63688741
63688740
63688739
63688738
63688737
63688736
63688735
63688734
63688733
63688732
63688731
63688730
63688729
63688728
63688727
63688726
63688725
63688724
63688723
63688722
63688721
63688720
63688719
63688718
63688717
63688716
63688715
63688714
63688713
63688712
63688711
63688710
63688709
63688708
63688707
63688706
63688705
63688704
63688703
63688702
63688701
63688700
63688699
63688698
63688697
63688696
63688695
63688694
63688693
63688692
63688691
63688690
63688689
63688688
63688687
63688686
63688685
63688684
63688683
63688682
63688681
63688680
63688679
63688678
63688677
63688676
63688675
63688674
63688673
63688672
63688671
63688670
63688669
63688668
63688667
63688666
63688665
63688664
63688663
63688662
63688661
63688660
63688659
63688658
63688657
63688656
63688655
63688654
63688653
63688652
63688651
63688650
63688649
63688648
63688647
63688646
63688645
63688644
63688643
63688642
63688641
63688640
63688639
63688638
63688637
63688636
63688635
63688634
63688633
63688632
63688631
63688630
63688629
63688628
63688627
63688626
63688625
63688624
63688623
63688622
63688621
63688620
63688619
63688618
63688617
63688616
63688615
63688614
63688613
63688612
63688611
63688610
63688609
63688608
63688607
63688606
63688605
63688604
63688603
63688602
63688601
63688600
63688599
63688598
63688597
63688596
63688595
63688594
63688593
63688592
63688591
63688590
63688589
63688588
63688587
63688586
63688585
63688584
63688583
63688582
63688581
63688580
63688579
63688578
63688577
63688576
63688575
63688574
63688573
63688572
63688571
63688570
63688569
63688568
63688567
63688566
63688565
63688564
63688563
63688562
63688561
63688560
63688559
63688558
63688557
63688556
63688555
63688554
63688553
63688552
63688551
63688550
63688549
63688548
63688547
63688546
63688545
63688544
63688543
63688542
63688541
63688540
63688539
63688538
63688537
63688536
63688535
63688534
63688533
63688532
63688531
63688530
63688529
63688528
63688527
63688526
63688525
63688524
63688523
63688522
63688521
63688520
63688519
63688518
63688517
63688516
63688515
63688514
63688513
63688512
63688511
63688510
63688509
63688508
63688507
63688506
63688505
63688504
63688503
63688502
63688501
63688500
63688499
63688498
63688497
63688496
63688495
63688494
63688493
63688492
63688491
63688490
63688489
63688488
63688487
63688486
63688485
63688484
63688483
63688482
63688481
63688480
63688479
63688478
63688477
63688476
63688475
63688474
63688473
63688472
63688471
63688470
63688469
63688468
63688467
63688466
63688465
63688464
63688463
63688462
63688461
63688460
63688459
63688458
63688457
63688456
63688455
63688454
63688453
63688452
63688451
63688450
63688449
63688448
63688447
63688446
63688445
63688444
63688443
63688442
63688441
63688440
63688439
63688438
63688437
63688436
63688435
63688434
63688433
63688432
63688431
63688430
63688429
63688428
63688427
63688426
63688425
63688424
63688423
63688422
63688421
63688420
63688419
63688418
63688417
63688416
63688415
63688414
63688413
63688412
63688411
63688410
63688409
63688408
63688407
63688406
63688405
63688404
63688403
63688402
63688401
63688400
63688399
63688398
63688397
63688396
63688395
63688394
63688393
63688392
63688391
63688390
63688389
63688388
63688387
63688386
63688385
63688384
63688383
63688382
63688381
63688380
63688379
63688378
63688377
63688376
63688375
63688374
63688373
63688372
63688371
63688370
63688369
63688368
63688367
63688366
63688365
63688364
63688363
63688362
63688361
63688360
63688359
63688358
63688357
63688356
63688355
63688354
63688353
63688352
63688351
63688350
63688349
63688348
63688347
63688346
63688345
63688344
63688343
63688342
63688341
63688340
63688339
63688338
63688337
63688336
63688335
63688334
63688333
63688332
63688331
63688330
63688329
63688328
63688327
63688326
63688325
63688324
63688323
63688322
63688321
63688320
63688319
63688318
63688317
63688316
63688315
63688314
63688313
63688312
63688311
63688310
63688309
63688308
63688307
63688306
63688305
63688304
63688303
63688302
63688301
63688300
63688299
63688298
63688297
63688296
63688295
63688294
63688293
63688292
63688291
63688290
63688289
63688288
63688287
63688286
63688285
63688284
63688283
63688282
63688281
63688280
63688279
63688278
63688277
63688276
63688275
63688274
63688273
63688272
63688271
63688270
63688269
63688268
63688267
63688266
63688265
63688264
63688263
63688262
63688261
63688260
63688259
63688258
63688257
63688256
63688255
63688254
63688253
63688252
63688251
63688250
63688249
63688248
63688247
63688246
63688245
63688244
63688243
63688242
63688241
63688240
63688239
63688238
63688237
63688236
63688235
63688234
63688233
63688232
63688231
63688230
63688229
63688228
63688227
63688226
63688225
63688224
63688223
63688222
63688221
63688220
63688219
63688218
63688217
63688216
63688215
63688214
63688213
63688212
63688211
63688210
63688209
63688208
63688207
63688206
63688205
63688204
63688203
63688202
63688201
63688200
63688199
63688198
63688197
63688196
63688195
63688194
63688193
63688192
63688191
63688190
63688189
63688188
63688187
63688186
63688185
63688184
63688183
63688182
63688181
63688180
63688179
63688178
63688177
63688176
63688175
63688174
63688173
63688172
63688171
63688170
63688169
63688168
63688167
63688166
63688165
63688164
63688163
63688162
63688161
63688160
63688159
63688158
63688157
63688156
63688155
63688154
63688153
63688152
63688151
63688150
63688149
63688148
63688147
63688146
63688145
63688144
63688143
63688142
63688141
63688140
63688139
63688138
63688137
63688136
63688135
63688134
63688133
63688132
63688131
63688130
63688129
63688128
63688127
63688126
63688125
63688124
63688123
63688122
63688121
63688120
63688119
63688118
63688117
63688116
63688115
63688114
63688113
63688112
63688111
63688110
63688109
63688108
63688107
63688106
63688105
63688104
63688103
63688102
63688101
63688100
63688099
63688098
63688097
63688096
63688095
63688094
63688093
63688092
63688091
63688090
63688089
63688088
63688087
63688086
63688085
63688084
63688083
63688082
63688081
63688080
63688079
63688078
63688077
63688076
63688075
63688074
63688073
63688072
63688071
63688070
63688069
63688068
63688067
63688066
63688065
63688064
63688063
63688062
63688061
63688060
63688059
63688058
63688057
63688056
63688055
63688054
63688053
63688052
63688051
63688050
63688049
63688048
63688047
63688046
63688045
63688044
63688043
63688042
63688041
63688040
63688039
63688038
63688037
63688036
63688035
63688034
63688033
63688032
63688031
63688030
63688029
63688028
63688027
63688026
63688025
63688024
63688023
63688022
63688021
63688020
63688019
63688018
63688017
63688016
63688015
63688014
63688013
63688012
63688011
63688010
63688009
63688008
63688007
63688006
63688005
63688004
63688003
63688002
63688001
63688000
63687999
63687998
63687997
63687996
63687995
63687994
63687993
63687992
63687991
63687990
63687989
63687988
63687987
63687986
63687985
63687984
63687983
63687982
63687981
63687980
63687979
63687978
63687977
63687976
63687975
63687974
63687973
63687972
63687971
63687970
63687969
63687968
63687967
63687966
63687965
63687964
63687963
63687962
63687961
63687960
63687959
63687958
63687957
63687956
63687955
63687954
63687953
63687952
63687951
63687950
63687949
63687948
63687947
63687946
63687945
63687944
63687943
63687942
63687941
63687940
63687939
63687938
63687937
63687936
63687935
63687934
63687933
63687932
63687931
63687930
63687929
63687928
63687927
63687926
63687925
63687924
63687923
63687922
63687921
63687920
63687919
63687918
63687917
63687916
63687915
63687914
63687913
63687912
63687911
63687910
63687909
63687908
63687907
63687906
63687905
63687904
63687903
63687902
63687901
63687900
63687899
63687898
63687897
63687896
63687895
63687894
63687893
63687892
63687891
63687890
63687889
63687888
63687887
63687886
63687885
63687884
63687883
63687882
63687881
63687880
63687879
63687878
63687877
63687876
63687875
63687874
63687873
63687872
63687871
63687870
63687869
63687868
63687867
63687866
63687865
63687864
63687863
63687862
63687861
63687860
63687859
63687858
63687857
63687856
63687855
63687854
63687853
63687852
63687851
63687850
63687849
63687848
63687847
63687846
63687845
63687844
63687843
63687842
63687841
63687840
63687839
63687838
63687837
63687836
63687835
63687834
63687833
63687832
63687831
63687830
63687829
63687828
63687827
63687826
63687825
63687824
63687823
63687822
63687821
63687820
63687819
63687818
63687817
63687816
63687815
63687814
63687813
63687812
63687811
63687810
63687809
63687808
63687807
63687806
63687805
63687804
63687803
63687802
63687801
63687800
63687799
63687798
63687797
63687796
63687795
63687794
63687793
63687792
63687791
63687790
63687789
63687788
63687787
63687786
63687785
63687784
63687783
63687782
63687781
63687780
63687779
63687778
63687777
63687776
63687775
63687774
63687773
63687772
63687771
63687770
63687769
63687768
63687767
63687766
63687765
63687764
63687763
63687762
63687761
63687760
63687759
63687758
63687757
63687756
63687755
63687754
63687753
63687752
63687751
63687750
63687749
63687748
63687747
63687746
63687745
63687744
63687743
63687742
63687741
63687740
63687739
63687738
63687737
63687736
63687735
63687734
63687733
63687732
63687731
63687730
63687729
63687728
63687727
63687726
63687725
63687724
63687723
63687722
63687721
63687720
63687719
63687718
63687717
63687716
63687715
63687714
63687713
63687712
63687711
63687710
63687709
63687708
63687707
63687706
63687705
63687704
63687703
63687702
63687701
63687700
63687699
63687698
63687697
63687696
63687695
63687694
63687693
63687692
63687691
63687690
63687689
63687688
63687687
63687686
63687685
63687684
63687683
63687682
63687681
63687680
63687679
63687678
63687677
63687676
63687675
63687674
63687673
63687672
63687671
63687670
63687669
63687668
63687667
63687666
63687665
63687664
63687663
63687662
63687661
63687660
63687659
63687658
63687657
63687656
63687655
63687654
63687653
63687652
63687651
63687650
63687649
63687648
63687647
63687646
63687645
63687644
63687643
63687642
63687641
63687640
63687639
63687638
63687637
63687636
63687635
63687634
63687633
63687632
63687631
63687630
63687629
63687628
63687627
63687626
63687625
63687624
63687623
63687622
63687621
63687620
63687619
63687618
63687617
63687616
63687615
63687614
63687613
63687612
63687611
63687610
63687609
63687608
63687607
63687606
63687605
63687604
63687603
63687602
63687601
63687600
63687599
63687598
63687597
63687596
63687595
63687594
63687593
63687592
63687591
63687590
63687589
63687588
63687587
63687586
63687585
63687584
63687583
63687582
63687581
63687580
63687579
63687578
63687577
63687576
63687575
63687574
63687573
63687572
63687571
63687570
63687569
63687568
63687567
63687566
63687565
63687564
63687563
63687562
63687561
63687560
63687559
63687558
63687557
63687556
63687555
63687554
63687553
63687552
63687551
63687550
63687549
63687548
63687547
63687546
63687545
63687544
63687543
63687542
63687541
63687540
63687539
63687538
63687537
63687536
63687535
63687534
63687533
63687532
63687531
63687530
63687529
63687528
63687527
63687526
63687525
63687524
63687523
63687522
63687521
63687520
63687519
63687518
63687517
63687516
63687515
63687514
63687513
63687512
63687511
63687510
63687509
63687508
63687507
63687506
63687505
63687504
63687503
63687502
63687501
63687500
63687499
63687498
63687497
63687496
63687495
63687494
63687493
63687492
63687491
63687490
63687489
63687488
63687487
63687486
63687485
63687484
63687483
63687482
63687481
63687480
63687479
63687478
63687477
63687476
63687475
63687474
63687473
63687472
63687471
63687470
63687469
63687468
63687467
63687466
63687465
63687464
63687463
63687462
63687461
63687460
63687459
63687458
63687457
63687456
63687455
63687454
63687453
63687452
63687451
63687450
63687449
63687448
63687447
63687446
63687445
63687444
63687443
63687442
63687441
63687440
63687439
63687438
63687437
63687436
63687435
63687434
63687433
63687432
63687431
63687430
63687429
63687428
63687427
63687426
63687425
63687424
63687423
63687422
63687421
63687420
63687419
63687418
63687417
63687416
63687415
63687414
63687413
63687412
63687411
63687410
63687409
63687408
63687407
63687406
63687405
63687404
63687403
63687402
63687401
63687400
63687399
63687398
63687397
63687396
63687395
63687394
63687393
63687392
63687391
63687390
63687389
63687388
63687387
63687386
63687385
63687384
63687383
63687382
63687381
63687380
63687379
63687378
63687377
63687376
63687375
63687374
63687373
63687372
63687371
63687370
63687369
63687368
63687367
63687366
63687365
63687364
63687363
63687362
63687361
63687360
63687359
63687358
63687357
63687356
63687355
63687354
63687353
63687352
63687351
63687350
63687349
63687348
63687347
63687346
63687345
63687344
63687343
63687342
63687341
63687340
63687339
63687338
63687337
63687336
63687335
63687334
63687333
63687332
63687331
63687330
63687329
63687328
63687327
63687326
63687325
63687324
63687323
63687322
63687321
63687320
63687319
63687318
63687317
63687316
63687315
63687314
63687313
63687312
63687311
63687310
63687309
63687308
63687307
63687306
63687305
63687304
63687303
63687302
63687301
63687300
63687299
63687298
63687297
63687296
63687295
63687294
63687293
63687292
63687291
63687290
63687289
63687288
63687287
63687286
63687285
63687284
63687283
63687282
63687281
63687280
63687279
63687278
63687277
63687276
63687275
63687274
63687273
63687272
63687271
63687270
63687269
63687268
63687267
63687266
63687265
63687264
63687263
63687262
63687261
63687260
63687259
63687258
63687257
63687256
63687255
63687254
63687253
63687252
63687251
63687250
63687249
63687248
63687247
63687246
63687245
63687244
63687243
63687242
63687241
63687240
63687239
63687238
63687237
63687236
63687235
63687234
63687233
63687232
63687231
63687230
63687229
63687228
63687227
63687226
63687225
63687224
63687223
63687222
63687221
63687220
63687219
63687218
63687217
63687216
63687215
63687214
63687213
63687212
63687211
63687210
63687209
63687208
63687207
63687206
63687205
63687204
63687203
63687202
63687201
63687200
63687199
63687198
63687197
63687196
63687195
63687194
63687193
63687192
63687191
63687190
63687189
63687188
63687187
63687186
63687185
63687184
63687183
63687182
63687181
63687180
63687179
63687178
63687177
63687176
63687175
63687174
63687173
63687172
63687171
63687170
63687169
63687168
63687167
63687166
63687165
63687164
63687163
63687162
63687161
63687160
63687159
63687158
63687157
63687156
63687155
63687154
63687153
63687152
63687151
63687150
63687149
63687148
63687147
63687146
63687145
63687144
63687143
63687142
63687141
63687140
63687139
63687138
63687137
63687136
63687135
63687134
63687133
63687132
63687131
63687130
63687129
63687128
63687127
63687126
63687125
63687124
63687123
63687122
63687121
63687120
63687119
63687118
63687117
63687116
63687115
63687114
63687113
63687112
63687111
63687110
63687109
63687108
63687107
63687106
63687105
63687104
63687103
63687102
63687101
63687100
63687099
63687098
63687097
63687096
63687095
63687094
63687093
63687092
63687091
63687090
63687089
63687088
63687087
63687086
63687085
63687084
63687083
63687082
63687081
63687080
63687079
63687078
63687077
63687076
63687075
63687074
63687073
63687072
63687071
63687070
63687069
63687068
63687067
63687066
63687065
63687064
63687063
63687062
63687061
63687060
63687059
63687058
63687057
63687056
63687055
63687054
63687053
63687052
63687051
63687050
63687049
63687048
63687047
63687046
63687045
63687044
63687043
63687042
63687041
63687040
63687039
63687038
63687037
63687036
63687035
63687034
63687033
63687032
63687031
63687030
63687029
63687028
63687027
63687026
63687025
63687024
63687023
63687022
63687021
63687020
63687019
63687018
63687017
63687016
63687015
63687014
63687013
63687012
63687011
63687010
63687009
63687008
63687007
63687006
63687005
63687004
63687003
63687002
63687001
63687000
63686999
63686998
63686997
63686996
63686995
63686994
63686993
63686992
63686991
63686990
63686989
63686988
63686987
63686986
63686985
63686984
63686983
63686982
63686981
63686980
63686979
63686978
63686977
63686976
63686975
63686974
63686973
63686972
63686971
63686970
63686969
63686968
63686967
63686966
63686965
63686964
63686963
63686962
63686961
63686960
63686959
63686958
63686957
63686956
63686955
63686954
63686953
63686952
63686951
63686950
63686949
63686948
63686947
63686946
63686945
63686944
63686943
63686942
63686941
63686940
63686939
63686938
63686937
63686936
63686935
63686934
63686933
63686932
63686931
63686930
63686929
63686928
63686927
63686926
63686925
63686924
63686923
63686922
63686921
63686920
63686919
63686918
63686917
63686916
63686915
63686914
63686913
63686912
63686911
63686910
63686909
63686908
63686907
63686906
63686905
63686904
63686903
63686902
63686901
63686900
63686899
63686898
63686897
63686896
63686895
63686894
63686893
63686892
63686891
63686890
63686889
63686888
63686887
63686886
63686885
63686884
63686883
63686882
63686881
63686880
63686879
63686878
63686877
63686876
63686875
63686874
63686873
63686872
63686871
63686870
63686869
63686868
63686867
63686866
63686865
63686864
63686863
63686862
63686861
63686860
63686859
63686858
63686857
63686856
63686855
63686854
63686853
63686852
63686851
63686850
63686849
63686848
63686847
63686846
63686845
63686844
63686843
63686842
63686841
63686840
63686839
63686838
63686837
63686836
63686835
63686834
63686833
63686832
63686831
63686830
63686829
63686828
63686827
63686826
63686825
63686824
63686823
63686822
63686821
63686820
63686819
63686818
63686817
63686816
63686815
63686814
63686813
63686812
63686811
63686810
63686809
63686808
63686807
63686806
63686805
63686804
63686803
63686802
63686801
63686800
63686799
63686798
63686797
63686796
63686795
63686794
63686793
63686792
63686791
63686790
63686789
63686788
63686787
63686786
63686785
63686784
63686783
63686782
63686781
63686780
63686779
63686778
63686777
63686776
63686775
63686774
63686773
63686772
63686771
63686770
63686769
63686768
63686767
63686766
63686765
63686764
63686763
63686762
63686761
63686760
63686759
63686758
63686757
63686756
63686755
63686754
63686753
63686752
63686751
63686750
63686749
63686748
63686747
63686746
63686745
63686744
63686743
63686742
63686741
63686740
63686739
63686738
63686737
63686736
63686735
63686734
63686733
63686732
63686731
63686730
63686729
63686728
63686727
63686726
63686725
63686724
63686723
63686722
63686721
63686720
63686719
63686718
63686717
63686716
63686715
63686714
63686713
63686712
63686711
63686710
63686709
63686708
63686707
63686706
63686705
63686704
63686703
63686702
63686701
63686700
63686699
63686698
63686697
63686696
63686695
63686694
63686693
63686692
63686691
63686690
63686689
63686688
63686687
63686686
63686685
63686684
63686683
63686682
63686681
63686680
63686679
63686678
63686677
63686676
63686675
63686674
63686673
63686672
63686671
63686670
63686669
63686668
63686667
63686666
63686665
63686664
63686663
63686662
63686661
63686660
63686659
63686658
63686657
63686656
63686655
63686654
63686653
63686652
63686651
63686650
63686649
63686648
63686647
63686646
63686645
63686644
63686643
63686642
63686641
63686640
63686639
63686638
63686637
63686636
63686635
63686634
63686633
63686632
63686631
63686630
63686629
63686628
63686627
63686626
63686625
63686624
63686623
63686622
63686621
63686620
63686619
63686618
63686617
63686616
63686615
63686614
63686613
63686612
63686611
63686610
63686609
63686608
63686607
63686606
63686605
63686604
63686603
63686602
63686601
63686600
63686599
63686598
63686597
63686596
63686595
63686594
63686593
63686592
63686591
63686590
63686589
63686588
63686587
63686586
63686585
63686584
63686583
63686582
63686581
63686580
63686579
63686578
63686577
63686576
63686575
63686574
63686573
63686572
63686571
63686570
63686569
63686568
63686567
63686566
63686565
63686564
63686563
63686562
63686561
63686560
63686559
63686558
63686557
63686556
63686555
63686554
63686553
63686552
63686551
63686550
63686549
63686548
63686547
63686546
63686545
63686544
63686543
63686542
63686541
63686540
63686539
63686538
63686537
63686536
63686535
63686534
63686533
63686532
63686531
63686530
63686529
63686528
63686527
63686526
63686525
63686524
63686523
63686522
63686521
63686520
63686519
63686518
63686517
63686516
63686515
63686514
63686513
63686512
63686511
63686510
63686509
63686508
63686507
63686506
63686505
63686504
63686503
63686502
63686501
63686500
63686499
63686498
63686497
63686496
63686495
63686494
63686493
63686492
63686491
63686490
63686489
63686488
63686487
63686486
63686485
63686484
63686483
63686482
63686481
63686480
63686479
63686478
63686477
63686476
63686475
63686474
63686473
63686472
63686471
63686470
63686469
63686468
63686467
63686466
63686465
63686464
63686463
63686462
63686461
63686460
63686459
63686458
63686457
63686456
63686455
63686454
63686453
63686452
63686451
63686450
63686449
63686448
63686447
63686446
63686445
63686444
63686443
63686442
63686441
63686440
63686439
63686438
63686437
63686436
63686435
63686434
63686433
63686432
63686431
63686430
63686429
63686428
63686427
63686426
63686425
63686424
63686423
63686422
63686421
63686420
63686419
63686418
63686417
63686416
63686415
63686414
63686413
63686412
63686411
63686410
63686409
63686408
63686407
63686406
63686405
63686404
63686403
63686402
63686401
63686400
63686399
63686398
63686397
63686396
63686395
63686394
63686393
63686392
63686391
63686390
63686389
63686388
63686387
63686386
63686385
63686384
63686383
63686382
63686381
63686380
63686379
63686378
63686377
63686376
63686375
63686374
63686373
63686372
63686371
63686370
63686369
63686368
63686367
63686366
63686365
63686364
63686363
63686362
63686361
63686360
63686359
63686358
63686357
63686356
63686355
63686354
63686353
63686352
63686351
63686350
63686349
63686348
63686347
63686346
63686345
63686344
63686343
63686342
63686341
63686340
63686339
63686338
63686337
63686336
63686335
63686334
63686333
63686332
63686331
63686330
63686329
63686328
63686327
63686326
63686325
63686324
63686323
63686322
63686321
63686320
63686319
63686318
63686317
63686316
63686315
63686314
63686313
63686312
63686311
63686310
63686309
63686308
63686307
63686306
63686305
63686304
63686303
63686302
63686301
63686300
63686299
63686298
63686297
63686296
63686295
63686294
63686293
63686292
63686291
63686290
63686289
63686288
63686287
63686286
63686285
63686284
63686283
63686282
63686281
63686280
63686279
63686278
63686277
63686276
63686275
63686274
63686273
63686272
63686271
63686270
63686269
63686268
63686267
63686266
63686265
63686264
63686263
63686262
63686261
63686260
63686259
63686258
63686257
63686256
63686255
63686254
63686253
63686252
63686251
63686250
63686249
63686248
63686247
63686246
63686245
63686244
63686243
63686242
63686241
63686240
63686239
63686238
63686237
63686236
63686235
63686234
63686233
63686232
63686231
63686230
63686229
63686228
63686227
63686226
63686225
63686224
63686223
63686222
63686221
63686220
63686219
63686218
63686217
63686216
63686215
63686214
63686213
63686212
63686211
63686210
63686209
63686208
63686207
63686206
63686205
63686204
63686203
63686202
63686201
63686200
63686199
63686198
63686197
63686196
63686195
63686194
63686193
63686192
63686191
63686190
63686189
63686188
63686187
63686186
63686185
63686184
63686183
63686182
63686181
63686180
63686179
63686178
63686177
63686176
63686175
63686174
63686173
63686172
63686171
63686170
63686169
63686168
63686167
63686166
63686165
63686164
63686163
63686162
63686161
63686160
63686159
63686158
63686157
63686156
63686155
63686154
63686153
63686152
63686151
63686150
63686149
63686148
63686147
63686146
63686145
63686144
63686143
63686142
63686141
63686140
63686139
63686138
63686137
63686136
63686135
63686134
63686133
63686132
63686131
63686130
63686129
63686128
63686127
63686126
63686125
63686124
63686123
63686122
63686121
63686120
63686119
63686118
63686117
63686116
63686115
63686114
63686113
63686112
63686111
63686110
63686109
63686108
63686107
63686106
63686105
63686104
63686103
63686102
63686101
63686100
63686099
63686098
63686097
63686096
63686095
63686094
63686093
63686092
63686091
63686090
63686089
63686088
63686087
63686086
63686085
63686084
63686083
63686082
63686081
63686080
63686079
63686078
63686077
63686076
63686075
63686074
63686073
63686072
63686071
63686070
63686069
63686068
63686067
63686066
63686065
63686064
63686063
63686062
63686061
63686060
63686059
63686058
63686057
63686056
63686055
63686054
63686053
63686052
63686051
63686050
63686049
63686048
63686047
63686046
63686045
63686044
63686043
63686042
63686041
63686040
63686039
63686038
63686037
63686036
63686035
63686034
63686033
63686032
63686031
63686030
63686029
63686028
63686027
63686026
63686025
63686024
63686023
63686022
63686021
63686020
63686019
63686018
63686017
63686016
63686015
63686014
63686013
63686012
63686011
63686010
63686009
63686008
63686007
63686006
63686005
63686004
63686003
63686002
63686001
63686000
63685999
63685998
63685997
63685996
63685995
63685994
63685993
63685992
63685991
63685990
63685989
63685988
63685987
63685986
63685985
63685984
63685983
63685982
63685981
63685980
63685979
63685978
63685977
63685976
63685975
63685974
63685973
63685972
63685971
63685970
63685969
63685968
63685967
63685966
63685965
63685964
63685963
63685962
63685961
63685960
63685959
63685958
63685957
63685956
63685955
63685954
63685953
63685952
63685951
63685950
63685949
63685948
63685947
63685946
63685945
63685944
63685943
63685942
63685941
63685940
63685939
63685938
63685937
63685936
63685935
63685934
63685933
63685932
63685931
63685930
63685929
63685928
63685927
63685926
63685925
63685924
63685923
63685922
63685921
63685920
63685919
63685918
63685917
63685916
63685915
63685914
63685913
63685912
63685911
63685910
63685909
63685908
63685907
63685906
63685905
63685904
63685903
63685902
63685901
63685900
63685899
63685898
63685897
63685896
63685895
63685894
63685893
63685892
63685891
63685890
63685889
63685888
63685887
63685886
63685885
63685884
63685883
63685882
63685881
63685880
63685879
63685878
63685877
63685876
63685875
63685874
63685873
63685872
63685871
63685870
63685869
63685868
63685867
63685866
63685865
63685864
63685863
63685862
63685861
63685860
63685859
63685858
63685857
63685856
63685855
63685854
63685853
63685852
63685851
63685850
63685849
63685848
63685847
63685846
63685845
63685844
63685843
63685842
63685841
63685840
63685839
63685838
63685837
63685836
63685835
63685834
63685833
63685832
63685831
63685830
63685829
63685828
63685827
63685826
63685825
63685824
63685823
63685822
63685821
63685820
63685819
63685818
63685817
63685816
63685815
63685814
63685813
63685812
63685811
63685810
63685809
63685808
63685807
63685806
63685805
63685804
63685803
63685802
63685801
63685800
63685799
63685798
63685797
63685796
63685795
63685794
63685793
63685792
63685791
63685790
63685789
63685788
63685787
63685786
63685785
63685784
63685783
63685782
63685781
63685780
63685779
63685778
63685777
63685776
63685775
63685774
63685773
63685772
63685771
63685770
63685769
63685768
63685767
63685766
63685765
63685764
63685763
63685762
63685761
63685760
63685759
63685758
63685757
63685756
63685755
63685754
63685753
63685752
63685751
63685750
63685749
63685748
63685747
63685746
63685745
63685744
63685743
63685742
63685741
63685740
63685739
63685738
63685737
63685736
63685735
63685734
63685733
63685732
63685731
63685730
63685729
63685728
63685727
63685726
63685725
63685724
63685723
63685722
63685721
63685720
63685719
63685718
63685717
63685716
63685715
63685714
63685713
63685712
63685711
63685710
63685709
63685708
63685707
63685706
63685705
63685704
63685703
63685702
63685701
63685700
63685699
63685698
63685697
63685696
63685695
63685694
63685693
63685692
63685691
63685690
63685689
63685688
63685687
63685686
63685685
63685684
63685683
63685682
63685681
63685680
63685679
63685678
63685677
63685676
63685675
63685674
63685673
63685672
63685671
63685670
63685669
63685668
63685667
63685666
63685665
63685664
63685663
63685662
63685661
63685660
63685659
63685658
63685657
63685656
63685655
63685654
63685653
63685652
63685651
63685650
63685649
63685648
63685647
63685646
63685645
63685644
63685643
63685642
63685641
63685640
63685639
63685638
63685637
63685636
63685635
63685634
63685633
63685632
63685631
63685630
63685629
63685628
63685627
63685626
63685625
63685624
63685623
63685622
63685621
63685620
63685619
63685618
63685617
63685616
63685615
63685614
63685613
63685612
63685611
63685610
63685609
63685608
63685607
63685606
63685605
63685604
63685603
63685602
63685601
63685600
63685599
63685598
63685597
63685596
63685595
63685594
63685593
63685592
63685591
63685590
63685589
63685588
63685587
63685586
63685585
63685584
63685583
63685582
63685581
63685580
63685579
63685578
63685577
63685576
63685575
63685574
63685573
63685572
63685571
63685570
63685569
63685568
63685567
63685566
63685565
63685564
63685563
63685562
63685561
63685560
63685559
63685558
63685557
63685556
63685555
63685554
63685553
63685552
63685551
63685550
63685549
63685548
63685547
63685546
63685545
63685544
63685543
63685542
63685541
63685540
63685539
63685538
63685537
63685536
63685535
63685534
63685533
63685532
63685531
63685530
63685529
63685528
63685527
63685526
63685525
63685524
63685523
63685522
63685521
63685520
63685519
63685518
63685517
63685516
63685515
63685514
63685513
63685512
63685511
63685510
63685509
63685508
63685507
63685506
63685505
63685504
63685503
63685502
63685501
63685500
63685499
63685498
63685497
63685496
63685495
63685494
63685493
63685492
63685491
63685490
63685489
63685488
63685487
63685486
63685485
63685484
63685483
63685482
63685481
63685480
63685479
63685478
63685477
63685476
63685475
63685474
63685473
63685472
63685471
63685470
63685469
63685468
63685467
63685466
63685465
63685464
63685463
63685462
63685461
63685460
63685459
63685458
63685457
63685456
63685455
63685454
63685453
63685452
63685451
63685450
63685449
63685448
63685447
63685446
63685445
63685444
63685443
63685442
63685441
63685440
63685439
63685438
63685437
63685436
63685435
63685434
63685433
63685432
63685431
63685430
63685429
63685428
63685427
63685426
63685425
63685424
63685423
63685422
63685421
63685420
63685419
63685418
63685417
63685416
63685415
63685414
63685413
63685412
63685411
63685410
63685409
63685408
63685407
63685406
63685405
63685404
63685403
63685402
63685401
63685400
63685399
63685398
63685397
63685396
63685395
63685394
63685393
63685392
63685391
63685390
63685389
63685388
63685387
63685386
63685385
63685384
63685383
63685382
63685381
63685380
63685379
63685378
63685377
63685376
63685375
63685374
63685373
63685372
63685371
63685370
63685369
63685368
63685367
63685366
63685365
63685364
63685363
63685362
63685361
63685360
63685359
63685358
63685357
63685356
63685355
63685354
63685353
63685352
63685351
63685350
63685349
63685348
63685347
63685346
63685345
63685344
63685343
63685342
63685341
63685340
63685339
63685338
63685337
63685336
63685335
63685334
63685333
63685332
63685331
63685330
63685329
63685328
63685327
63685326
63685325
63685324
63685323
63685322
63685321
63685320
63685319
63685318
63685317
63685316
63685315
63685314
63685313
63685312
63685311
63685310
63685309
63685308
63685307
63685306
63685305
63685304
63685303
63685302
63685301
63685300
63685299
63685298
63685297
63685296
63685295
63685294
63685293
63685292
63685291
63685290
63685289
63685288
63685287
63685286
63685285
63685284
63685283
63685282
63685281
63685280
63685279
63685278
63685277
63685276
63685275
63685274
63685273
63685272
63685271
63685270
63685269
63685268
63685267
63685266
63685265
63685264
63685263
63685262
63685261
63685260
63685259
63685258
63685257
63685256
63685255
63685254
63685253
63685252
63685251
63685250
63685249
63685248
63685247
63685246
63685245
63685244
63685243
63685242
63685241
63685240
63685239
63685238
63685237
63685236
63685235
63685234
63685233
63685232
63685231
63685230
63685229
63685228
63685227
63685226
63685225
63685224
63685223
63685222
63685221
63685220
63685219
63685218
63685217
63685216
63685215
63685214
63685213
63685212
63685211
63685210
63685209
63685208
63685207
63685206
63685205
63685204
63685203
63685202
63685201
63685200
63685199
63685198
63685197
63685196
63685195
63685194
63685193
63685192
63685191
63685190
63685189
63685188
63685187
63685186
63685185
63685184
63685183
63685182
63685181
63685180
63685179
63685178
63685177
63685176
63685175
63685174
63685173
63685172
63685171
63685170
63685169
63685168
63685167
63685166
63685165
63685164
63685163
63685162
63685161
63685160
63685159
63685158
63685157
63685156
63685155
63685154
63685153
63685152
63685151
63685150
63685149
63685148
63685147
63685146
63685145
63685144
63685143
63685142
63685141
63685140
63685139
63685138
63685137
63685136
63685135
63685134
63685133
63685132
63685131
63685130
63685129
63685128
63685127
63685126
63685125
63685124
63685123
63685122
63685121
63685120
63685119
63685118
63685117
63685116
63685115
63685114
63685113
63685112
63685111
63685110
63685109
63685108
63685107
63685106
63685105
63685104
63685103
63685102
63685101
63685100
63685099
63685098
63685097
63685096
63685095
63685094
63685093
63685092
63685091
63685090
63685089
63685088
63685087
63685086
63685085
63685084
63685083
63685082
63685081
63685080
63685079
63685078
63685077
63685076
63685075
63685074
63685073
63685072
63685071
63685070
63685069
63685068
63685067
63685066
63685065
63685064
63685063
63685062
63685061
63685060
63685059
63685058
63685057
63685056
63685055
63685054
63685053
63685052
63685051
63685050
63685049
63685048
63685047
63685046
63685045
63685044
63685043
63685042
63685041
63685040
63685039
63685038
63685037
63685036
63685035
63685034
63685033
63685032
63685031
63685030
63685029
63685028
63685027
63685026
63685025
63685024
63685023
63685022
63685021
63685020
63685019
63685018
63685017
63685016
63685015
63685014
63685013
63685012
63685011
63685010
63685009
63685008
63685007
63685006
63685005
63685004
63685003
63685002
63685001
63685000
63684999
63684998
63684997
63684996
63684995
63684994
63684993
63684992
63684991
63684990
63684989
63684988
63684987
63684986
63684985
63684984
63684983
63684982
63684981
63684980
63684979
63684978
63684977
63684976
63684975
63684974
63684973
63684972
63684971
63684970
63684969
63684968
63684967
63684966
63684965
63684964
63684963
63684962
63684961
63684960
63684959
63684958
63684957
63684956
63684955
63684954
63684953
63684952
63684951
63684950
63684949
63684948
63684947
63684946
63684945
63684944
63684943
63684942
63684941
63684940
63684939
63684938
63684937
63684936
63684935
63684934
63684933
63684932
63684931
63684930
63684929
63684928
63684927
63684926
63684925
63684924
63684923
63684922
63684921
63684920
63684919
63684918
63684917
63684916
63684915
63684914
63684913
63684912
63684911
63684910
63684909
63684908
63684907
63684906
63684905
63684904
63684903
63684902
63684901
63684900
63684899
63684898
63684897
63684896
63684895
63684894
63684893
63684892
63684891
63684890
63684889
63684888
63684887
63684886
63684885
63684884
63684883
63684882
63684881
63684880
63684879
63684878
63684877
63684876
63684875
63684874
63684873
63684872
63684871
63684870
63684869
63684868
63684867
63684866
63684865
63684864
63684863
63684862
63684861
63684860
63684859
63684858
63684857
63684856
63684855
63684854
63684853
63684852
63684851
63684850
63684849
63684848
63684847
63684846
63684845
63684844
63684843
63684842
63684841
63684840
63684839
63684838
63684837
63684836
63684835
63684834
63684833
63684832
63684831
63684830
63684829
63684828
63684827
63684826
63684825
63684824
63684823
63684822
63684821
63684820
63684819
63684818
63684817
63684816
63684815
63684814
63684813
63684812
63684811
63684810
63684809
63684808
63684807
63684806
63684805
63684804
63684803
63684802
63684801
63684800
63684799
63684798
63684797
63684796
63684795
63684794
63684793
63684792
63684791
63684790
63684789
63684788
63684787
63684786
63684785
63684784
63684783
63684782
63684781
63684780
63684779
63684778
63684777
63684776
63684775
63684774
63684773
63684772
63684771
63684770
63684769
63684768
63684767
63684766
63684765
63684764
63684763
63684762
63684761
63684760
63684759
63684758
63684757
63684756
63684755
63684754
63684753
63684752
63684751
63684750
63684749
63684748
63684747
63684746
63684745
63684744
63684743
63684742
63684741
63684740
63684739
63684738
63684737
63684736
63684735
63684734
63684733
63684732
63684731
63684730
63684729
63684728
63684727
63684726
63684725
63684724
63684723
63684722
63684721
63684720
63684719
63684718
63684717
63684716
63684715
63684714
63684713
63684712
63684711
63684710
63684709
63684708
63684707
63684706
63684705
63684704
63684703
63684702
63684701
63684700
63684699
63684698
63684697
63684696
63684695
63684694
63684693
63684692
63684691
63684690
63684689
63684688
63684687
63684686
63684685
63684684
63684683
63684682
63684681
63684680
63684679
63684678
63684677
63684676
63684675
63684674
63684673
63684672
63684671
63684670
63684669
63684668
63684667
63684666
63684665
63684664
63684663
63684662
63684661
63684660
63684659
63684658
63684657
63684656
63684655
63684654
63684653
63684652
63684651
63684650
63684649
63684648
63684647
63684646
63684645
63684644
63684643
63684642
63684641
63684640
63684639
63684638
63684637
63684636
63684635
63684634
63684633
63684632
63684631
63684630
63684629
63684628
63684627
63684626
63684625
63684624
63684623
63684622
63684621
63684620
63684619
63684618
63684617
63684616
63684615
63684614
63684613
63684612
63684611
63684610
63684609
63684608
63684607
63684606
63684605
63684604
63684603
63684602
63684601
63684600
63684599
63684598
63684597
63684596
63684595
63684594
63684593
63684592
63684591
63684590
63684589
63684588
63684587
63684586
63684585
63684584
63684583
63684582
63684581
63684580
63684579
63684578
63684577
63684576
63684575
63684574
63684573
63684572
63684571
63684570
63684569
63684568
63684567
63684566
63684565
63684564
63684563
63684562
63684561
63684560
63684559
63684558
63684557
63684556
63684555
63684554
63684553
63684552
63684551
63684550
63684549
63684548
63684547
63684546
63684545
63684544
63684543
63684542
63684541
63684540
63684539
63684538
63684537
63684536
63684535
63684534
63684533
63684532
63684531
63684530
63684529
63684528
63684527
63684526
63684525
63684524
63684523
63684522
63684521
63684520
63684519
63684518
63684517
63684516
63684515
63684514
63684513
63684512
63684511
63684510
63684509
63684508
63684507
63684506
63684505
63684504
63684503
63684502
63684501
63684500
63684499
63684498
63684497
63684496
63684495
63684494
63684493
63684492
63684491
63684490
63684489
63684488
63684487
63684486
63684485
63684484
63684483
63684482
63684481
63684480
63684479
63684478
63684477
63684476
63684475
63684474
63684473
63684472
63684471
63684470
63684469
63684468
63684467
63684466
63684465
63684464
63684463
63684462
63684461
63684460
63684459
63684458
63684457
63684456
63684455
63684454
63684453
63684452
63684451
63684450
63684449
63684448
63684447
63684446
63684445
63684444
63684443
63684442
63684441
63684440
63684439
63684438
63684437
63684436
63684435
63684434
63684433
63684432
63684431
63684430
63684429
63684428
63684427
63684426
63684425
63684424
63684423
63684422
63684421
63684420
63684419
63684418
63684417
63684416
63684415
63684414
63684413
63684412
63684411
63684410
63684409
63684408
63684407
63684406
63684405
63684404
63684403
63684402
63684401
63684400
63684399
63684398
63684397
63684396
63684395
63684394
63684393
63684392
63684391
63684390
63684389
63684388
63684387
63684386
63684385
63684384
63684383
63684382
63684381
63684380
63684379
63684378
63684377
63684376
63684375
63684374
63684373
63684372
63684371
63684370
63684369
63684368
63684367
63684366
63684365
63684364
63684363
63684362
63684361
63684360
63684359
63684358
63684357
63684356
63684355
63684354
63684353
63684352
63684351
63684350
63684349
63684348
63684347
63684346
63684345
63684344
63684343
63684342
63684341
63684340
63684339
63684338
63684337
63684336
63684335
63684334
63684333
63684332
63684331
63684330
63684329
63684328
63684327
63684326
63684325
63684324
63684323
63684322
63684321
63684320
63684319
63684318
63684317
63684316
63684315
63684314
63684313
63684312
63684311
63684310
63684309
63684308
63684307
63684306
63684305
63684304
63684303
63684302
63684301
63684300
63684299
63684298
63684297
63684296
63684295
63684294
63684293
63684292
63684291
63684290
63684289
63684288
63684287
63684286
63684285
63684284
63684283
63684282
63684281
63684280
63684279
63684278
63684277
63684276
63684275
63684274
63684273
63684272
63684271
63684270
63684269
63684268
63684267
63684266
63684265
63684264
63684263
63684262
63684261
63684260
63684259
63684258
63684257
63684256
63684255
63684254
63684253
63684252
63684251
63684250
63684249
63684248
63684247
63684246
63684245
63684244
63684243
63684242
63684241
63684240
63684239
63684238
63684237
63684236
63684235
63684234
63684233
63684232
63684231
63684230
63684229
63684228
63684227
63684226
63684225
63684224
63684223
63684222
63684221
63684220
63684219
63684218
63684217
63684216
63684215
63684214
63684213
63684212
63684211
63684210
63684209
63684208
63684207
63684206
63684205
63684204
63684203
63684202
63684201
63684200
63684199
63684198
63684197
63684196
63684195
63684194
63684193
63684192
63684191
63684190
63684189
63684188
63684187
63684186
63684185
63684184
63684183
63684182
63684181
63684180
63684179
63684178
63684177
63684176
63684175
63684174
63684173
63684172
63684171
63684170
63684169
63684168
63684167
63684166
63684165
63684164
63684163
63684162
63684161
63684160
63684159
63684158
63684157
63684156
63684155
63684154
63684153
63684152
63684151
63684150
63684149
63684148
63684147
63684146
63684145
63684144
63684143
63684142
63684141
63684140
63684139
63684138
63684137
63684136
63684135
63684134
63684133
63684132
63684131
63684130
63684129
63684128
63684127
63684126
63684125
63684124
63684123
63684122
63684121
63684120
63684119
63684118
63684117
63684116
63684115
63684114
63684113
63684112
63684111
63684110
63684109
63684108
63684107
63684106
63684105
63684104
63684103
63684102
63684101
63684100
63684099
63684098
63684097
63684096
63684095
63684094
63684093
63684092
63684091
63684090
63684089
63684088
63684087
63684086
63684085
63684084
63684083
63684082
63684081
63684080
63684079
63684078
63684077
63684076
63684075
63684074
63684073
63684072
63684071
63684070
63684069
63684068
63684067
63684066
63684065
63684064
63684063
63684062
63684061
63684060
63684059
63684058
63684057
63684056
63684055
63684054
63684053
63684052
63684051
63684050
63684049
63684048
63684047
63684046
63684045
63684044
63684043
63684042
63684041
63684040
63684039
63684038
63684037
63684036
63684035
63684034
63684033
63684032
63684031
63684030
63684029
63684028
63684027
63684026
63684025
63684024
63684023
63684022
63684021
63684020
63684019
63684018
63684017
63684016
63684015
63684014
63684013
63684012
63684011
63684010
63684009
63684008
63684007
63684006
63684005
63684004
63684003
63684002
63684001
63684000
63683999
63683998
63683997
63683996
63683995
63683994
63683993
63683992
63683991
63683990
63683989
63683988
63683987
63683986
63683985
63683984
63683983
63683982
63683981
63683980
63683979
63683978
63683977
63683976
63683975
63683974
63683973
63683972
63683971
63683970
63683969
63683968
63683967
63683966
63683965
63683964
63683963
63683962
63683961
63683960
63683959
63683958
63683957
63683956
63683955
63683954
63683953
63683952
63683951
63683950
63683949
63683948
63683947
63683946
63683945
63683944
63683943
63683942
63683941
63683940
63683939
63683938
63683937
63683936
63683935
63683934
63683933
63683932
63683931
63683930
63683929
63683928
63683927
63683926
63683925
63683924
63683923
63683922
63683921
63683920
63683919
63683918
63683917
63683916
63683915
63683914
63683913
63683912
63683911
63683910
63683909
63683908
63683907
63683906
63683905
63683904
63683903
63683902
63683901
63683900
63683899
63683898
63683897
63683896
63683895
63683894
63683893
63683892
63683891
63683890
63683889
63683888
63683887
63683886
63683885
63683884
63683883
63683882
63683881
63683880
63683879
63683878
63683877
63683876
63683875
63683874
63683873
63683872
63683871
63683870
63683869
63683868
63683867
63683866
63683865
63683864
63683863
63683862
63683861
63683860
63683859
63683858
63683857
63683856
63683855
63683854
63683853
63683852
63683851
63683850
63683849
63683848
63683847
63683846
63683845
63683844
63683843
63683842
63683841
63683840
63683839
63683838
63683837
63683836
63683835
63683834
63683833
63683832
63683831
63683830
63683829
63683828
63683827
63683826
63683825
63683824
63683823
63683822
63683821
63683820
63683819
63683818
63683817
63683816
63683815
63683814
63683813
63683812
63683811
63683810
63683809
63683808
63683807
63683806
63683805
63683804
63683803
63683802
63683801
63683800
63683799
63683798
63683797
63683796
63683795
63683794
63683793
63683792
63683791
63683790
63683789
63683788
63683787
63683786
63683785
63683784
63683783
63683782
63683781
63683780
63683779
63683778
63683777
63683776
63683775
63683774
63683773
63683772
63683771
63683770
63683769
63683768
63683767
63683766
63683765
63683764
63683763
63683762
63683761
63683760
63683759
63683758
63683757
63683756
63683755
63683754
63683753
63683752
63683751
63683750
63683749
63683748
63683747
63683746
63683745
63683744
63683743
63683742
63683741
63683740
63683739
63683738
63683737
63683736
63683735
63683734
63683733
63683732
63683731
63683730
63683729
63683728
63683727
63683726
63683725
63683724
63683723
63683722
63683721
63683720
63683719
63683718
63683717
63683716
63683715
63683714
63683713
63683712
63683711
63683710
63683709
63683708
63683707
63683706
63683705
63683704
63683703
63683702
63683701
63683700
63683699
63683698
63683697
63683696
63683695
63683694
63683693
63683692
63683691
63683690
63683689
63683688
63683687
63683686
63683685
63683684
63683683
63683682
63683681
63683680
63683679
63683678
63683677
63683676
63683675
63683674
63683673
63683672
63683671
63683670
63683669
63683668
63683667
63683666
63683665
63683664
63683663
63683662
63683661
63683660
63683659
63683658
63683657
63683656
63683655
63683654
63683653
63683652
63683651
63683650
63683649
63683648
63683647
63683646
63683645
63683644
63683643
63683642
63683641
63683640
63683639
63683638
63683637
63683636
63683635
63683634
63683633
63683632
63683631
63683630
63683629
63683628
63683627
63683626
63683625
63683624
63683623
63683622
63683621
63683620
63683619
63683618
63683617
63683616
63683615
63683614
63683613
63683612
63683611
63683610
63683609
63683608
63683607
63683606
63683605
63683604
63683603
63683602
63683601
63683600
63683599
63683598
63683597
63683596
63683595
63683594
63683593
63683592
63683591
63683590
63683589
63683588
63683587
63683586
63683585
63683584
63683583
63683582
63683581
63683580
63683579
63683578
63683577
63683576
63683575
63683574
63683573
63683572
63683571
63683570
63683569
63683568
63683567
63683566
63683565
63683564
63683563
63683562
63683561
63683560
63683559
63683558
63683557
63683556
63683555
63683554
63683553
63683552
63683551
63683550
63683549
63683548
63683547
63683546
63683545
63683544
63683543
63683542
63683541
63683540
63683539
63683538
63683537
63683536
63683535
63683534
63683533
63683532
63683531
63683530
63683529
63683528
63683527
63683526
63683525
63683524
63683523
63683522
63683521
63683520
63683519
63683518
63683517
63683516
63683515
63683514
63683513
63683512
63683511
63683510
63683509
63683508
63683507
63683506
63683505
63683504
63683503
63683502
63683501
63683500
63683499
63683498
63683497
63683496
63683495
63683494
63683493
63683492
63683491
63683490
63683489
63683488
63683487
63683486
63683485
63683484
63683483
63683482
63683481
63683480
63683479
63683478
63683477
63683476
63683475
63683474
63683473
63683472
63683471
63683470
63683469
63683468
63683467
63683466
63683465
63683464
63683463
63683462
63683461
63683460
63683459
63683458
63683457
63683456
63683455
63683454
63683453
63683452
63683451
63683450
63683449
63683448
63683447
63683446
63683445
63683444
63683443
63683442
63683441
63683440
63683439
63683438
63683437
63683436
63683435
63683434
63683433
63683432
63683431
63683430
63683429
63683428
63683427
63683426
63683425
63683424
63683423
63683422
63683421
63683420
63683419
63683418
63683417
63683416
63683415
63683414
63683413
63683412
63683411
63683410
63683409
63683408
63683407
63683406
63683405
63683404
63683403
63683402
63683401
63683400
63683399
63683398
63683397
63683396
63683395
63683394
63683393
63683392
63683391
63683390
63683389
63683388
63683387
63683386
63683385
63683384
63683383
63683382
63683381
63683380
63683379
63683378
63683377
63683376
63683375
63683374
63683373
63683372
63683371
63683370
63683369
63683368
63683367
63683366
63683365
63683364
63683363
63683362
63683361
63683360
63683359
63683358
63683357
63683356
63683355
63683354
63683353
63683352
63683351
63683350
63683349
63683348
63683347
63683346
63683345
63683344
63683343
63683342
63683341
63683340
63683339
63683338
63683337
63683336
63683335
63683334
63683333
63683332
63683331
63683330
63683329
63683328
63683327
63683326
63683325
63683324
63683323
63683322
63683321
63683320
63683319
63683318
63683317
63683316
63683315
63683314
63683313
63683312
63683311
63683310
63683309
63683308
63683307
63683306
63683305
63683304
63683303
63683302
63683301
63683300
63683299
63683298
63683297
63683296
63683295
63683294
63683293
63683292
63683291
63683290
63683289
63683288
63683287
63683286
63683285
63683284
63683283
63683282
63683281
63683280
63683279
63683278
63683277
63683276
63683275
63683274
63683273
63683272
63683271
63683270
63683269
63683268
63683267
63683266
63683265
63683264
63683263
63683262
63683261
63683260
63683259
63683258
63683257
63683256
63683255
63683254
63683253
63683252
63683251
63683250
63683249
63683248
63683247
63683246
63683245
63683244
63683243
63683242
63683241
63683240
63683239
63683238
63683237
63683236
63683235
63683234
63683233
63683232
63683231
63683230
63683229
63683228
63683227
63683226
63683225
63683224
63683223
63683222
63683221
63683220
63683219
63683218
63683217
63683216
63683215
63683214
63683213
63683212
63683211
63683210
63683209
63683208
63683207
63683206
63683205
63683204
63683203
63683202
63683201
63683200
63683199
63683198
63683197
63683196
63683195
63683194
63683193
63683192
63683191
63683190
63683189
63683188
63683187
63683186
63683185
63683184
63683183
63683182
63683181
63683180
63683179
63683178
63683177
63683176
63683175
63683174
63683173
63683172
63683171
63683170
63683169
63683168
63683167
63683166
63683165
63683164
63683163
63683162
63683161
63683160
63683159
63683158
63683157
63683156
63683155
63683154
63683153
63683152
63683151
63683150
63683149
63683148
63683147
63683146
63683145
63683144
63683143
63683142
63683141
63683140
63683139
63683138
63683137
63683136
63683135
63683134
63683133
63683132
63683131
63683130
63683129
63683128
63683127
63683126
63683125
63683124
63683123
63683122
63683121
63683120
63683119
63683118
63683117
63683116
63683115
63683114
63683113
63683112
63683111
63683110
63683109
63683108
63683107
63683106
63683105
63683104
63683103
63683102
63683101
63683100
63683099
63683098
63683097
63683096
63683095
63683094
63683093
63683092
63683091
63683090
63683089
63683088
63683087
63683086
63683085
63683084
63683083
63683082
63683081
63683080
63683079
63683078
63683077
63683076
63683075
63683074
63683073
63683072
63683071
63683070
63683069
63683068
63683067
63683066
63683065
63683064
63683063
63683062
63683061
63683060
63683059
63683058
63683057
63683056
63683055
63683054
63683053
63683052
63683051
63683050
63683049
63683048
63683047
63683046
63683045
63683044
63683043
63683042
63683041
63683040
63683039
63683038
63683037
63683036
63683035
63683034
63683033
63683032
63683031
63683030
63683029
63683028
63683027
63683026
63683025
63683024
63683023
63683022
63683021
63683020
63683019
63683018
63683017
63683016
63683015
63683014
63683013
63683012
63683011
63683010
63683009
63683008
63683007
63683006
63683005
63683004
63683003
63683002
63683001
63683000
63682999
63682998
63682997
63682996
63682995
63682994
63682993
63682992
63682991
63682990
63682989
63682988
63682987
63682986
63682985
63682984
63682983
63682982
63682981
63682980
63682979
63682978
63682977
63682976
63682975
63682974
63682973
63682972
63682971
63682970
63682969
63682968
63682967
63682966
63682965
63682964
63682963
63682962
63682961
63682960
63682959
63682958
63682957
63682956
63682955
63682954
63682953
63682952
63682951
63682950
63682949
63682948
63682947
63682946
63682945
63682944
63682943
63682942
63682941
63682940
63682939
63682938
63682937
63682936
63682935
63682934
63682933
63682932
63682931
63682930
63682929
63682928
63682927
63682926
63682925
63682924
63682923
63682922
63682921
63682920
63682919
63682918
63682917
63682916
63682915
63682914
63682913
63682912
63682911
63682910
63682909
63682908
63682907
63682906
63682905
63682904
63682903
63682902
63682901
63682900
63682899
63682898
63682897
63682896
63682895
63682894
63682893
63682892
63682891
63682890
63682889
63682888
63682887
63682886
63682885
63682884
63682883
63682882
63682881
63682880
63682879
63682878
63682877
63682876
63682875
63682874
63682873
63682872
63682871
63682870
63682869
63682868
63682867
63682866
63682865
63682864
63682863
63682862
63682861
63682860
63682859
63682858
63682857
63682856
63682855
63682854
63682853
63682852
63682851
63682850
63682849
63682848
63682847
63682846
63682845
63682844
63682843
63682842
63682841
63682840
63682839
63682838
63682837
63682836
63682835
63682834
63682833
63682832
63682831
63682830
63682829
63682828
63682827
63682826
63682825
63682824
63682823
63682822
63682821
63682820
63682819
63682818
63682817
63682816
63682815
63682814
63682813
63682812
63682811
63682810
63682809
63682808
63682807
63682806
63682805
63682804
63682803
63682802
63682801
63682800
63682799
63682798
63682797
63682796
63682795
63682794
63682793
63682792
63682791
63682790
63682789
63682788
63682787
63682786
63682785
63682784
63682783
63682782
63682781
63682780
63682779
63682778
63682777
63682776
63682775
63682774
63682773
63682772
63682771
63682770
63682769
63682768
63682767
63682766
63682765
63682764
63682763
63682762
63682761
63682760
63682759
63682758
63682757
63682756
63682755
63682754
63682753
63682752
63682751
63682750
63682749
63682748
63682747
63682746
63682745
63682744
63682743
63682742
63682741
63682740
63682739
63682738
63682737
63682736
63682735
63682734
63682733
63682732
63682731
63682730
63682729
63682728
63682727
63682726
63682725
63682724
63682723
63682722
63682721
63682720
63682719
63682718
63682717
63682716
63682715
63682714
63682713
63682712
63682711
63682710
63682709
63682708
63682707
63682706
63682705
63682704
63682703
63682702
63682701
63682700
63682699
63682698
63682697
63682696
63682695
63682694
63682693
63682692
63682691
63682690
63682689
63682688
63682687
63682686
63682685
63682684
63682683
63682682
63682681
63682680
63682679
63682678
63682677
63682676
63682675
63682674
63682673
63682672
63682671
63682670
63682669
63682668
63682667
63682666
63682665
63682664
63682663
63682662
63682661
63682660
63682659
63682658
63682657
63682656
63682655
63682654
63682653
63682652
63682651
63682650
63682649
63682648
63682647
63682646
63682645
63682644
63682643
63682642
63682641
63682640
63682639
63682638
63682637
63682636
63682635
63682634
63682633
63682632
63682631
63682630
63682629
63682628
63682627
63682626
63682625
63682624
63682623
63682622
63682621
63682620
63682619
63682618
63682617
63682616
63682615
63682614
63682613
63682612
63682611
63682610
63682609
63682608
63682607
63682606
63682605
63682604
63682603
63682602
63682601
63682600
63682599
63682598
63682597
63682596
63682595
63682594
63682593
63682592
63682591
63682590
63682589
63682588
63682587
63682586
63682585
63682584
63682583
63682582
63682581
63682580
63682579
63682578
63682577
63682576
63682575
63682574
63682573
63682572
63682571
63682570
63682569
63682568
63682567
63682566
63682565
63682564
63682563
63682562
63682561
63682560
63682559
63682558
63682557
63682556
63682555
63682554
63682553
63682552
63682551
63682550
63682549
63682548
63682547
63682546
63682545
63682544
63682543
63682542
63682541
63682540
63682539
63682538
63682537
63682536
63682535
63682534
63682533
63682532
63682531
63682530
63682529
63682528
63682527
63682526
63682525
63682524
63682523
63682522
63682521
63682520
63682519
63682518
63682517
63682516
63682515
63682514
63682513
63682512
63682511
63682510
63682509
63682508
63682507
63682506
63682505
63682504
63682503
63682502
63682501
63682500
63682499
63682498
63682497
63682496
63682495
63682494
63682493
63682492
63682491
63682490
63682489
63682488
63682487
63682486
63682485
63682484
63682483
63682482
63682481
63682480
63682479
63682478
63682477
63682476
63682475
63682474
63682473
63682472
63682471
63682470
63682469
63682468
63682467
63682466
63682465
63682464
63682463
63682462
63682461
63682460
63682459
63682458
63682457
63682456
63682455
63682454
63682453
63682452
63682451
63682450
63682449
63682448
63682447
63682446
63682445
63682444
63682443
63682442
63682441
63682440
63682439
63682438
63682437
63682436
63682435
63682434
63682433
63682432
63682431
63682430
63682429
63682428
63682427
63682426
63682425
63682424
63682423
63682422
63682421
63682420
63682419
63682418
63682417
63682416
63682415
63682414
63682413
63682412
63682411
63682410
63682409
63682408
63682407
63682406
63682405
63682404
63682403
63682402
63682401
63682400
63682399
63682398
63682397
63682396
63682395
63682394
63682393
63682392
63682391
63682390
63682389
63682388
63682387
63682386
63682385
63682384
63682383
63682382
63682381
63682380
63682379
63682378
63682377
63682376
63682375
63682374
63682373
63682372
63682371
63682370
63682369
63682368
63682367
63682366
63682365
63682364
63682363
63682362
63682361
63682360
63682359
63682358
63682357
63682356
63682355
63682354
63682353
63682352
63682351
63682350
63682349
63682348
63682347
63682346
63682345
63682344
63682343
63682342
63682341
63682340
63682339
63682338
63682337
63682336
63682335
63682334
63682333
63682332
63682331
63682330
63682329
63682328
63682327
63682326
63682325
63682324
63682323
63682322
63682321
63682320
63682319
63682318
63682317
63682316
63682315
63682314
63682313
63682312
63682311
63682310
63682309
63682308
63682307
63682306
63682305
63682304
63682303
63682302
63682301
63682300
63682299
63682298
63682297
63682296
63682295
63682294
63682293
63682292
63682291
63682290
63682289
63682288
63682287
63682286
63682285
63682284
63682283
63682282
63682281
63682280
63682279
63682278
63682277
63682276
63682275
63682274
63682273
63682272
63682271
63682270
63682269
63682268
63682267
63682266
63682265
63682264
63682263
63682262
63682261
63682260
63682259
63682258
63682257
63682256
63682255
63682254
63682253
63682252
63682251
63682250
63682249
63682248
63682247
63682246
63682245
63682244
63682243
63682242
63682241
63682240
63682239
63682238
63682237
63682236
63682235
63682234
63682233
63682232
63682231
63682230
63682229
63682228
63682227
63682226
63682225
63682224
63682223
63682222
63682221
63682220
63682219
63682218
63682217
63682216
63682215
63682214
63682213
63682212
63682211
63682210
63682209
63682208
63682207
63682206
63682205
63682204
63682203
63682202
63682201
63682200
63682199
63682198
63682197
63682196
63682195
63682194
63682193
63682192
63682191
63682190
63682189
63682188
63682187
63682186
63682185
63682184
63682183
63682182
63682181
63682180
63682179
63682178
63682177
63682176
63682175
63682174
63682173
63682172
63682171
63682170
63682169
63682168
63682167
63682166
63682165
63682164
63682163
63682162
63682161
63682160
63682159
63682158
63682157
63682156
63682155
63682154
63682153
63682152
63682151
63682150
63682149
63682148
63682147
63682146
63682145
63682144
63682143
63682142
63682141
63682140
63682139
63682138
63682137
63682136
63682135
63682134
63682133
63682132
63682131
63682130
63682129
63682128
63682127
63682126
63682125
63682124
63682123
63682122
63682121
63682120
63682119
63682118
63682117
63682116
63682115
63682114
63682113
63682112
63682111
63682110
63682109
63682108
63682107
63682106
63682105
63682104
63682103
63682102
63682101
63682100
63682099
63682098
63682097
63682096
63682095
63682094
63682093
63682092
63682091
63682090
63682089
63682088
63682087
63682086
63682085
63682084
63682083
63682082
63682081
63682080
63682079
63682078
63682077
63682076
63682075
63682074
63682073
63682072
63682071
63682070
63682069
63682068
63682067
63682066
63682065
63682064
63682063
63682062
63682061
63682060
63682059
63682058
63682057
63682056
63682055
63682054
63682053
63682052
63682051
63682050
63682049
63682048
63682047
63682046
63682045
63682044
63682043
63682042
63682041
63682040
63682039
63682038
63682037
63682036
63682035
63682034
63682033
63682032
63682031
63682030
63682029
63682028
63682027
63682026
63682025
63682024
63682023
63682022
63682021
63682020
63682019
63682018
63682017
63682016
63682015
63682014
63682013
63682012
63682011
63682010
63682009
63682008
63682007
63682006
63682005
63682004
63682003
63682002
63682001
63682000
63681999
63681998
63681997
63681996
63681995
63681994
63681993
63681992
63681991
63681990
63681989
63681988
63681987
63681986
63681985
63681984
63681983
63681982
63681981
63681980
63681979
63681978
63681977
63681976
63681975
63681974
63681973
63681972
63681971
63681970
63681969
63681968
63681967
63681966
63681965
63681964
63681963
63681962
63681961
63681960
63681959
63681958
63681957
63681956
63681955
63681954
63681953
63681952
63681951
63681950
63681949
63681948
63681947
63681946
63681945
63681944
63681943
63681942
63681941
63681940
63681939
63681938
63681937
63681936
63681935
63681934
63681933
63681932
63681931
63681930
63681929
63681928
63681927
63681926
63681925
63681924
63681923
63681922
63681921
63681920
63681919
63681918
63681917
63681916
63681915
63681914
63681913
63681912
63681911
63681910
63681909
63681908
63681907
63681906
63681905
63681904
63681903
63681902
63681901
63681900
63681899
63681898
63681897
63681896
63681895
63681894
63681893
63681892
63681891
63681890
63681889
63681888
63681887
63681886
63681885
63681884
63681883
63681882
63681881
63681880
63681879
63681878
63681877
63681876
63681875
63681874
63681873
63681872
63681871
63681870
63681869
63681868
63681867
63681866
63681865
63681864
63681863
63681862
63681861
63681860
63681859
63681858
63681857
63681856
63681855
63681854
63681853
63681852
63681851
63681850
63681849
63681848
63681847
63681846
63681845
63681844
63681843
63681842
63681841
63681840
63681839
63681838
63681837
63681836
63681835
63681834
63681833
63681832
63681831
63681830
63681829
63681828
63681827
63681826
63681825
63681824
63681823
63681822
63681821
63681820
63681819
63681818
63681817
63681816
63681815
63681814
63681813
63681812
63681811
63681810
63681809
63681808
63681807
63681806
63681805
63681804
63681803
63681802
63681801
63681800
63681799
63681798
63681797
63681796
63681795
63681794
63681793
63681792
63681791
63681790
63681789
63681788
63681787
63681786
63681785
63681784
63681783
63681782
63681781
63681780
63681779
63681778
63681777
63681776
63681775
63681774
63681773
63681772
63681771
63681770
63681769
63681768
63681767
63681766
63681765
63681764
63681763
63681762
63681761
63681760
63681759
63681758
63681757
63681756
63681755
63681754
63681753
63681752
63681751
63681750
63681749
63681748
63681747
63681746
63681745
63681744
63681743
63681742
63681741
63681740
63681739
63681738
63681737
63681736
63681735
63681734
63681733
63681732
63681731
63681730
63681729
63681728
63681727
63681726
63681725
63681724
63681723
63681722
63681721
63681720
63681719
63681718
63681717
63681716
63681715
63681714
63681713
63681712
63681711
63681710
63681709
63681708
63681707
63681706
63681705
63681704
63681703
63681702
63681701
63681700
63681699
63681698
63681697
63681696
63681695
63681694
63681693
63681692
63681691
63681690
63681689
63681688
63681687
63681686
63681685
63681684
63681683
63681682
63681681
63681680
63681679
63681678
63681677
63681676
63681675
63681674
63681673
63681672
63681671
63681670
63681669
63681668
63681667
63681666
63681665
63681664
63681663
63681662
63681661
63681660
63681659
63681658
63681657
63681656
63681655
63681654
63681653
63681652
63681651
63681650
63681649
63681648
63681647
63681646
63681645
63681644
63681643
63681642
63681641
63681640
63681639
63681638
63681637
63681636
63681635
63681634
63681633
63681632
63681631
63681630
63681629
63681628
63681627
63681626
63681625
63681624
63681623
63681622
63681621
63681620
63681619
63681618
63681617
63681616
63681615
63681614
63681613
63681612
63681611
63681610
63681609
63681608
63681607
63681606
63681605
63681604
63681603
63681602
63681601
63681600
63681599
63681598
63681597
63681596
63681595
63681594
63681593
63681592
63681591
63681590
63681589
63681588
63681587
63681586
63681585
63681584
63681583
63681582
63681581
63681580
63681579
63681578
63681577
63681576
63681575
63681574
63681573
63681572
63681571
63681570
63681569
63681568
63681567
63681566
63681565
63681564
63681563
63681562
63681561
63681560
63681559
63681558
63681557
63681556
63681555
63681554
63681553
63681552
63681551
63681550
63681549
63681548
63681547
63681546
63681545
63681544
63681543
63681542
63681541
63681540
63681539
63681538
63681537
63681536
63681535
63681534
63681533
63681532
63681531
63681530
63681529
63681528
63681527
63681526
63681525
63681524
63681523
63681522
63681521
63681520
63681519
63681518
63681517
63681516
63681515
63681514
63681513
63681512
63681511
63681510
63681509
63681508
63681507
63681506
63681505
63681504
63681503
63681502
63681501
