100
93088600
93088599
93088598
93088597
93088596
93088595
93088594
93088593
93088592
93088591
93088590
93088589
93088588
93088587
93088586
93088585
93088584
93088583
93088582
93088581
93088580
93088579
93088578
93088577
93088576
93088575
93088574
93088573
93088572
93088571
93088570
93088569
93088568
93088567
93088566
93088565
93088564
93088563
93088562
93088561
93088560
93088559
93088558
93088557
93088556
93088555
93088554
93088553
93088552
93088551
93088550
93088549
93088548
93088547
93088546
93088545
93088544
93088543
93088542
93088541
93088540
93088539
93088538
93088537
93088536
93088535
93088534
93088533
93088532
93088531
93088530
93088529
93088528
93088527
93088526
93088525
93088524
93088523
93088522
93088521
93088520
93088519
93088518
93088517
93088516
93088515
93088514
93088513
93088512
93088511
93088510
93088509
93088508
93088507
93088506
93088505
93088504
93088503
93088502
93088501
