1000
69276701
69276702
69276703
69276704
69276705
69276706
69276707
69276708
69276709
69276710
69276711
69276712
69276713
69276714
69276715
69276716
69276717
69276718
69276719
69276720
69276721
69276722
69276723
69276724
69276725
69276726
69276727
69276728
69276729
69276730
69276731
69276732
69276733
69276734
69276735
69276736
69276737
69276738
69276739
69276740
69276741
69276742
69276743
69276744
69276745
69276746
69276747
69276748
69276749
69276750
69276751
69276752
69276753
69276754
69276755
69276756
69276757
69276758
69276759
69276760
69276761
69276762
69276763
69276764
69276765
69276766
69276767
69276768
69276769
69276770
69276771
69276772
69276773
69276774
69276775
69276776
69276777
69276778
69276779
69276780
69276781
69276782
69276783
69276784
69276785
69276786
69276787
69276788
69276789
69276790
69276791
69276792
69276793
69276794
69276795
69276796
69276797
69276798
69276799
69276800
69276801
69276802
69276803
69276804
69276805
69276806
69276807
69276808
69276809
69276810
69276811
69276812
69276813
69276814
69276815
69276816
69276817
69276818
69276819
69276820
69276821
69276822
69276823
69276824
69276825
69276826
69276827
69276828
69276829
69276830
69276831
69276832
69276833
69276834
69276835
69276836
69276837
69276838
69276839
69276840
69276841
69276842
69276843
69276844
69276845
69276846
69276847
69276848
69276849
69276850
69276851
69276852
69276853
69276854
69276855
69276856
69276857
69276858
69276859
69276860
69276861
69276862
69276863
69276864
69276865
69276866
69276867
69276868
69276869
69276870
69276871
69276872
69276873
69276874
69276875
69276876
69276877
69276878
69276879
69276880
69276881
69276882
69276883
69276884
69276885
69276886
69276887
69276888
69276889
69276890
69276891
69276892
69276893
69276894
69276895
69276896
69276897
69276898
69276899
69276900
69276901
69276902
69276903
69276904
69276905
69276906
69276907
69276908
69276909
69276910
69276911
69276912
69276913
69276914
69276915
69276916
69276917
69276918
69276919
69276920
69276921
69276922
69276923
69276924
69276925
69276926
69276927
69276928
69276929
69276930
69276931
69276932
69276933
69276934
69276935
69276936
69276937
69276938
69276939
69276940
69276941
69276942
69276943
69276944
69276945
69276946
69276947
69276948
69276949
69276950
69276951
69276952
69276953
69276954
69276955
69276956
69276957
69276958
69276959
69276960
69276961
69276962
69276963
69276964
69276965
69276966
69276967
69276968
69276969
69276970
69276971
69276972
69276973
69276974
69276975
69276976
69276977
69276978
69276979
69276980
69276981
69276982
69276983
69276984
69276985
69276986
69276987
69276988
69276989
69276990
69276991
69276992
69276993
69276994
69276995
69276996
69276997
69276998
69276999
69277000
69277001
69277002
69277003
69277004
69277005
69277006
69277007
69277008
69277009
69277010
69277011
69277012
69277013
69277014
69277015
69277016
69277017
69277018
69277019
69277020
69277021
69277022
69277023
69277024
69277025
69277026
69277027
69277028
69277029
69277030
69277031
69277032
69277033
69277034
69277035
69277036
69277037
69277038
69277039
69277040
69277041
69277042
69277043
69277044
69277045
69277046
69277047
69277048
69277049
69277050
69277051
69277052
69277053
69277054
69277055
69277056
69277057
69277058
69277059
69277060
69277061
69277062
69277063
69277064
69277065
69277066
69277067
69277068
69277069
69277070
69277071
69277072
69277073
69277074
69277075
69277076
69277077
69277078
69277079
69277080
69277081
69277082
69277083
69277084
69277085
69277086
69277087
69277088
69277089
69277090
69277091
69277092
69277093
69277094
69277095
69277096
69277097
69277098
69277099
69277100
69277101
69277102
69277103
69277104
69277105
69277106
69277107
69277108
69277109
69277110
69277111
69277112
69277113
69277114
69277115
69277116
69277117
69277118
69277119
69277120
69277121
69277122
69277123
69277124
69277125
69277126
69277127
69277128
69277129
69277130
69277131
69277132
69277133
69277134
69277135
69277136
69277137
69277138
69277139
69277140
69277141
69277142
69277143
69277144
69277145
69277146
69277147
69277148
69277149
69277150
69277151
69277152
69277153
69277154
69277155
69277156
69277157
69277158
69277159
69277160
69277161
69277162
69277163
69277164
69277165
69277166
69277167
69277168
69277169
69277170
69277171
69277172
69277173
69277174
69277175
69277176
69277177
69277178
69277179
69277180
69277181
69277182
69277183
69277184
69277185
69277186
69277187
69277188
69277189
69277190
69277191
69277192
69277193
69277194
69277195
69277196
69277197
69277198
69277199
69277200
69277201
69277202
69277203
69277204
69277205
69277206
69277207
69277208
69277209
69277210
69277211
69277212
69277213
69277214
69277215
69277216
69277217
69277218
69277219
69277220
69277221
69277222
69277223
69277224
69277225
69277226
69277227
69277228
69277229
69277230
69277231
69277232
69277233
69277234
69277235
69277236
69277237
69277238
69277239
69277240
69277241
69277242
69277243
69277244
69277245
69277246
69277247
69277248
69277249
69277250
69277251
69277252
69277253
69277254
69277255
69277256
69277257
69277258
69277259
69277260
69277261
69277262
69277263
69277264
69277265
69277266
69277267
69277268
69277269
69277270
69277271
69277272
69277273
69277274
69277275
69277276
69277277
69277278
69277279
69277280
69277281
69277282
69277283
69277284
69277285
69277286
69277287
69277288
69277289
69277290
69277291
69277292
69277293
69277294
69277295
69277296
69277297
69277298
69277299
69277300
69277301
69277302
69277303
69277304
69277305
69277306
69277307
69277308
69277309
69277310
69277311
69277312
69277313
69277314
69277315
69277316
69277317
69277318
69277319
69277320
69277321
69277322
69277323
69277324
69277325
69277326
69277327
69277328
69277329
69277330
69277331
69277332
69277333
69277334
69277335
69277336
69277337
69277338
69277339
69277340
69277341
69277342
69277343
69277344
69277345
69277346
69277347
69277348
69277349
69277350
69277351
69277352
69277353
69277354
69277355
69277356
69277357
69277358
69277359
69277360
69277361
69277362
69277363
69277364
69277365
69277366
69277367
69277368
69277369
69277370
69277371
69277372
69277373
69277374
69277375
69277376
69277377
69277378
69277379
69277380
69277381
69277382
69277383
69277384
69277385
69277386
69277387
69277388
69277389
69277390
69277391
69277392
69277393
69277394
69277395
69277396
69277397
69277398
69277399
69277400
69277401
69277402
69277403
69277404
69277405
69277406
69277407
69277408
69277409
69277410
69277411
69277412
69277413
69277414
69277415
69277416
69277417
69277418
69277419
69277420
69277421
69277422
69277423
69277424
69277425
69277426
69277427
69277428
69277429
69277430
69277431
69277432
69277433
69277434
69277435
69277436
69277437
69277438
69277439
69277440
69277441
69277442
69277443
69277444
69277445
69277446
69277447
69277448
69277449
69277450
69277451
69277452
69277453
69277454
69277455
69277456
69277457
69277458
69277459
69277460
69277461
69277462
69277463
69277464
69277465
69277466
69277467
69277468
69277469
69277470
69277471
69277472
69277473
69277474
69277475
69277476
69277477
69277478
69277479
69277480
69277481
69277482
69277483
69277484
69277485
69277486
69277487
69277488
69277489
69277490
69277491
69277492
69277493
69277494
69277495
69277496
69277497
69277498
69277499
69277500
69277501
69277502
69277503
69277504
69277505
69277506
69277507
69277508
69277509
69277510
69277511
69277512
69277513
69277514
69277515
69277516
69277517
69277518
69277519
69277520
69277521
69277522
69277523
69277524
69277525
69277526
69277527
69277528
69277529
69277530
69277531
69277532
69277533
69277534
69277535
69277536
69277537
69277538
69277539
69277540
69277541
69277542
69277543
69277544
69277545
69277546
69277547
69277548
69277549
69277550
69277551
69277552
69277553
69277554
69277555
69277556
69277557
69277558
69277559
69277560
69277561
69277562
69277563
69277564
69277565
69277566
69277567
69277568
69277569
69277570
69277571
69277572
69277573
69277574
69277575
69277576
69277577
69277578
69277579
69277580
69277581
69277582
69277583
69277584
69277585
69277586
69277587
69277588
69277589
69277590
69277591
69277592
69277593
69277594
69277595
69277596
69277597
69277598
69277599
69277600
69277601
69277602
69277603
69277604
69277605
69277606
69277607
69277608
69277609
69277610
69277611
69277612
69277613
69277614
69277615
69277616
69277617
69277618
69277619
69277620
69277621
69277622
69277623
69277624
69277625
69277626
69277627
69277628
69277629
69277630
69277631
69277632
69277633
69277634
69277635
69277636
69277637
69277638
69277639
69277640
69277641
69277642
69277643
69277644
69277645
69277646
69277647
69277648
69277649
69277650
69277651
69277652
69277653
69277654
69277655
69277656
69277657
69277658
69277659
69277660
69277661
69277662
69277663
69277664
69277665
69277666
69277667
69277668
69277669
69277670
69277671
69277672
69277673
69277674
69277675
69277676
69277677
69277678
69277679
69277680
69277681
69277682
69277683
69277684
69277685
69277686
69277687
69277688
69277689
69277690
69277691
69277692
69277693
69277694
69277695
69277696
69277697
69277698
69277699
69277700
