100
93088501
93088502
93088503
93088504
93088505
93088506
93088507
93088508
93088509
93088510
93088511
93088512
93088513
93088514
93088515
93088516
93088517
93088518
93088519
93088520
93088521
93088522
93088523
93088524
93088525
93088526
93088527
93088528
93088529
93088530
93088531
93088532
93088533
93088534
93088535
93088536
93088537
93088538
93088539
93088540
93088541
93088542
93088543
93088544
93088545
93088546
93088547
93088548
93088549
93088550
93088551
93088552
93088553
93088554
93088555
93088556
93088557
93088558
93088559
93088560
93088561
93088562
93088563
93088564
93088565
93088566
93088567
93088568
93088569
93088570
93088571
93088572
93088573
93088574
93088575
93088576
93088577
93088578
93088579
93088580
93088581
93088582
93088583
93088584
93088585
93088586
93088587
93088588
93088589
93088590
93088591
93088592
93088593
93088594
93088595
93088596
93088597
93088598
93088599
93088600
