1000
69277700
69277701
69277702
69277703
69277704
69277705
69277706
69277707
69277708
69277709
69277710
69277711
69277712
69277713
69277714
69277715
69277716
69277717
69277718
69277719
69277720
69277721
69277722
69277723
69277724
69277725
69277726
69277727
69277728
69277729
69277730
69277731
69277732
69277733
69277734
69277735
69277736
69277737
69277738
69277739
69277740
69277741
69277742
69277743
69277744
69277745
69277746
69277747
69277748
69277749
69277750
69277751
69277752
69277753
69277754
69277755
69277756
69277757
69277758
69277759
69277760
69277761
69277762
69277763
69277764
69277765
69277766
69277767
69277768
69277769
69277770
69277771
69277772
69277773
69277774
69277775
69277776
69277777
69277778
69277779
69277780
69277781
69277782
69277783
69277784
69277785
69277786
69277787
69277788
69277789
69277790
69277791
69277792
69277793
69277794
69277795
69277796
69277797
69277798
69277799
69277800
69277801
69277802
69277803
69277804
69277805
69277806
69277807
69277808
69277809
69277810
69277811
69277812
69277813
69277814
69277815
69277816
69277817
69277818
69277819
69277820
69277821
69277822
69277823
69277824
69277825
69277826
69277827
69277828
69277829
69277830
69277831
69277832
69277833
69277834
69277835
69277836
69277837
69277838
69277839
69277840
69277841
69277842
69277843
69277844
69277845
69277846
69277847
69277848
69277849
69277850
69277851
69277852
69277853
69277854
69277855
69277856
69277857
69277858
69277859
69277860
69277861
69277862
69277863
69277864
69277865
69277866
69277867
69277868
69277869
69277870
69277871
69277872
69277873
69277874
69277875
69277876
69277877
69277878
69277879
69277880
69277881
69277882
69277883
69277884
69277885
69277886
69277887
69277888
69277889
69277890
69277891
69277892
69277893
69277894
69277895
69277896
69277897
69277898
69277899
69277900
69277901
69277902
69277903
69277904
69277905
69277906
69277907
69277908
69277909
69277910
69277911
69277912
69277913
69277914
69277915
69277916
69277917
69277918
69277919
69277920
69277921
69277922
69277923
69277924
69277925
69277926
69277927
69277928
69277929
69277930
69277931
69277932
69277933
69277934
69277935
69277936
69277937
69277938
69277939
69277940
69277941
69277942
69277943
69277944
69277945
69277946
69277947
69277948
69277949
69277950
69277951
69277952
69277953
69277954
69277955
69277956
69277957
69277958
69277959
69277960
69277961
69277962
69277963
69277964
69277965
69277966
69277967
69277968
69277969
69277970
69277971
69277972
69277973
69277974
69277975
69277976
69277977
69277978
69277979
69277980
69277981
69277982
69277983
69277984
69277985
69277986
69277987
69277988
69277989
69277990
69277991
69277992
69277993
69277994
69277995
69277996
69277997
69277998
69277999
69278000
69278001
69278002
69278003
69278004
69278005
69278006
69278007
69278008
69278009
69278010
69278011
69278012
69278013
69278014
69278015
69278016
69278017
69278018
69278019
69278020
69278021
69278022
69278023
69278024
69278025
69278026
69278027
69278028
69278029
69278030
69278031
69278032
69278033
69278034
69278035
69278036
69278037
69278038
69278039
69278040
69278041
69278042
69278043
69278044
69278045
69278046
69278047
69278048
69278049
69278050
69278051
69278052
69278053
69278054
69278055
69278056
69278057
69278058
69278059
69278060
69278061
69278062
69278063
69278064
69278065
69278066
69278067
69278068
69278069
69278070
69278071
69278072
69278073
69278074
69278075
69278076
69278077
69278078
69278079
69278080
69278081
69278082
69278083
69278084
69278085
69278086
69278087
69278088
69278089
69278090
69278091
69278092
69278093
69278094
69278095
69278096
69278097
69278098
69278099
69278100
69278101
69278102
69278103
69278104
69278105
69278106
69278107
69278108
69278109
69278110
69278111
69278112
69278113
69278114
69278115
69278116
69278117
69278118
69278119
69278120
69278121
69278122
69278123
69278124
69278125
69278126
69278127
69278128
69278129
69278130
69278131
69278132
69278133
69278134
69278135
69278136
69278137
69278138
69278139
69278140
69278141
69278142
69278143
69278144
69278145
69278146
69278147
69278148
69278149
69278150
69278151
69278152
69278153
69278154
69278155
69278156
69278157
69278158
69278159
69278160
69278161
69278162
69278163
69278164
69278165
69278166
69278167
69278168
69278169
69278170
69278171
69278172
69278173
69278174
69278175
69278176
69278177
69278178
69278179
69278180
69278181
69278182
69278183
69278184
69278185
69278186
69278187
69278188
69278189
69278190
69278191
69278192
69278193
69278194
69278195
69278196
69278197
69278198
69278199
69278200
69278201
69278202
69278203
69278204
69278205
69278206
69278207
69278208
69278209
69278210
69278211
69278212
69278213
69278214
69278215
69278216
69278217
69278218
69278219
69278220
69278221
69278222
69278223
69278224
69278225
69278226
69278227
69278228
69278229
69278230
69278231
69278232
69278233
69278234
69278235
69278236
69278237
69278238
69278239
69278240
69278241
69278242
69278243
69278244
69278245
69278246
69278247
69278248
69278249
69278250
69278251
69278252
69278253
69278254
69278255
69278256
69278257
69278258
69278259
69278260
69278261
69278262
69278263
69278264
69278265
69278266
69278267
69278268
69278269
69278270
69278271
69278272
69278273
69278274
69278275
69278276
69278277
69278278
69278279
69278280
69278281
69278282
69278283
69278284
69278285
69278286
69278287
69278288
69278289
69278290
69278291
69278292
69278293
69278294
69278295
69278296
69278297
69278298
69278299
69278300
69278301
69278302
69278303
69278304
69278305
69278306
69278307
69278308
69278309
69278310
69278311
69278312
69278313
69278314
69278315
69278316
69278317
69278318
69278319
69278320
69278321
69278322
69278323
69278324
69278325
69278326
69278327
69278328
69278329
69278330
69278331
69278332
69278333
69278334
69278335
69278336
69278337
69278338
69278339
69278340
69278341
69278342
69278343
69278344
69278345
69278346
69278347
69278348
69278349
69278350
69278351
69278352
69278353
69278354
69278355
69278356
69278357
69278358
69278359
69278360
69278361
69278362
69278363
69278364
69278365
69278366
69278367
69278368
69278369
69278370
69278371
69278372
69278373
69278374
69278375
69278376
69278377
69278378
69278379
69278380
69278381
69278382
69278383
69278384
69278385
69278386
69278387
69278388
69278389
69278390
69278391
69278392
69278393
69278394
69278395
69278396
69278397
69278398
69278399
69278400
69278401
69278402
69278403
69278404
69278405
69278406
69278407
69278408
69278409
69278410
69278411
69278412
69278413
69278414
69278415
69278416
69278417
69278418
69278419
69278420
69278421
69278422
69278423
69278424
69278425
69278426
69278427
69278428
69278429
69278430
69278431
69278432
69278433
69278434
69278435
69278436
69278437
69278438
69278439
69278440
69278441
69278442
69278443
69278444
69278445
69278446
69278447
69278448
69278449
69278450
69278451
69278452
69278453
69278454
69278455
69278456
69278457
69278458
69278459
69278460
69278461
69278462
69278463
69278464
69278465
69278466
69278467
69278468
69278469
69278470
69278471
69278472
69278473
69278474
69278475
69278476
69278477
69278478
69278479
69278480
69278481
69278482
69278483
69278484
69278485
69278486
69278487
69278488
69278489
69278490
69278491
69278492
69278493
69278494
69278495
69278496
69278497
69278498
69278499
69278500
69278501
69278502
69278503
69278504
69278505
69278506
69278507
69278508
69278509
69278510
69278511
69278512
69278513
69278514
69278515
69278516
69278517
69278518
69278519
69278520
69278521
69278522
69278523
69278524
69278525
69278526
69278527
69278528
69278529
69278530
69278531
69278532
69278533
69278534
69278535
69278536
69278537
69278538
69278539
69278540
69278541
69278542
69278543
69278544
69278545
69278546
69278547
69278548
69278549
69278550
69278551
69278552
69278553
69278554
69278555
69278556
69278557
69278558
69278559
69278560
69278561
69278562
69278563
69278564
69278565
69278566
69278567
69278568
69278569
69278570
69278571
69278572
69278573
69278574
69278575
69278576
69278577
69278578
69278579
69278580
69278581
69278582
69278583
69278584
69278585
69278586
69278587
69278588
69278589
69278590
69278591
69278592
69278593
69278594
69278595
69278596
69278597
69278598
69278599
69278600
69278601
69278602
69278603
69278604
69278605
69278606
69278607
69278608
69278609
69278610
69278611
69278612
69278613
69278614
69278615
69278616
69278617
69278618
69278619
69278620
69278621
69278622
69278623
69278624
69278625
69278626
69278627
69278628
69278629
69278630
69278631
69278632
69278633
69278634
69278635
69278636
69278637
69278638
69278639
69278640
69278641
69278642
69278643
69278644
69278645
69278646
69278647
69278648
69278649
69278650
69278651
69278652
69278653
69278654
69278655
69278656
69278657
69278658
69278659
69278660
69278661
69278662
69278663
69278664
69278665
69278666
69278667
69278668
69278669
69278670
69278671
69278672
69278673
69278674
69278675
69278676
69278677
69278678
69278679
69278680
69278681
69278682
69278683
69278684
69278685
69278686
69278687
69278688
69278689
69278690
69278691
69278692
69278693
69278694
69278695
69278696
69278697
69278698
69278699
